   7940.00 0.00925
   7945.00 0.00998
   7950.00 0.01071
   7955.00 0.01154
   7960.00 0.01255
   7965.00 0.01394
   7970.00 0.01573
   7975.00 0.01770
   7980.00 0.01978
   7985.00 0.02195
   7990.00 0.02386
   7995.00 0.02570
   8000.00 0.02772
   8005.00 0.02998
   8010.00 0.03247
   8015.00 0.03518
   8020.00 0.03812
   8025.00 0.04133
   8030.00 0.04487
   8035.00 0.04879
   8040.00 0.05313
   8045.00 0.05789
   8050.00 0.06309
   8055.00 0.06876
   8060.00 0.07504
   8065.00 0.08206
   8070.00 0.08985
   8075.00 0.09843
   8080.00 0.10776
   8085.00 0.11782
   8090.00 0.12877
   8095.00 0.14082
   8100.00 0.15405
   8105.00 0.16829
   8110.00 0.18366
   8115.00 0.20012
   8120.00 0.21766
   8125.00 0.23491
   8130.00 0.25338
   8135.00 0.27061
   8140.00 0.28831
   8145.00 0.30887
   8150.00 0.32996
   8155.00 0.35097
   8160.00 0.37262
   8165.00 0.39981
   8170.00 0.42795
   8175.00 0.45698
   8180.00 0.48628
   8185.00 0.51666
   8190.00 0.54759
   8195.00 0.58181
   8200.00 0.61648
   8205.00 0.65750
   8210.00 0.69890
   8215.00 0.70854
   8220.00 0.71572
   8225.00 0.72364
   8230.00 0.72942
   8235.00 0.77406
   8240.00 0.81865
   8245.00 0.85366
   8250.00 0.88785
   8255.00 0.90392
   8260.00 0.91848
   8265.00 0.93095
   8270.00 0.94167
   8275.00 0.93777
   8280.00 0.93190
   8285.00 0.94489
   8290.00 0.95679
   8295.00 0.97029
   8300.00 0.98277
   8305.00 0.98739
   8310.00 0.99103
   8315.00 0.99071
   8320.00 0.98968
   8325.00 0.99324
   8330.00 0.99629
   8335.00 0.99827
   8340.00 0.99985
   8345.00 1.00000
   8350.00 0.99993
   8355.00 0.99687
   8360.00 0.99369
   8365.00 0.99055
   8370.00 0.98737
   8375.00 0.98409
   8380.00 0.98085
   8385.00 0.97777
   8390.00 0.97476
   8395.00 0.97179
   8400.00 0.96890
   8405.00 0.96725
   8410.00 0.96569
   8415.00 0.96413
   8420.00 0.96265
   8425.00 0.96126
   8430.00 0.95991
   8435.00 0.95858
   8440.00 0.95729
   8445.00 0.95607
   8450.00 0.95487
   8455.00 0.95372
   8460.00 0.95254
   8465.00 0.95129
   8470.00 0.95000
   8475.00 0.94867
   8480.00 0.94729
   8485.00 0.94585
   8490.00 0.94434
   8495.00 0.94270
   8500.00 0.94095
   8505.00 0.93906
   8510.00 0.93706
   8515.00 0.93495
   8520.00 0.93273
   8525.00 0.93041
   8530.00 0.92795
   8535.00 0.92538
   8540.00 0.92270
   8545.00 0.91990
   8550.00 0.91698
   8555.00 0.91399
   8560.00 0.91089
   8565.00 0.90773
   8570.00 0.90447
   8575.00 0.90105
   8580.00 0.89755
   8585.00 0.89402
   8590.00 0.89043
   8595.00 0.88675
   8600.00 0.88300
   8605.00 0.87922
   8610.00 0.87540
   8615.00 0.87152
   8620.00 0.86761
   8625.00 0.86373
   8630.00 0.85981
   8635.00 0.85584
   8640.00 0.85185
   8645.00 0.84788
   8650.00 0.84393
   8655.00 0.84003
   8660.00 0.83615
   8665.00 0.83222
   8670.00 0.82831
   8675.00 0.82436
   8680.00 0.82045
   8685.00 0.81658
   8690.00 0.81276
   8695.00 0.80904
   8700.00 0.80535
   8705.00 0.80169
   8710.00 0.79808
   8715.00 0.79457
   8720.00 0.79112
   8725.00 0.78768
   8730.00 0.78430
   8735.00 0.78097
   8740.00 0.77767
   8745.00 0.77439
   8750.00 0.77117
   8755.00 0.76803
   8760.00 0.76493
   8765.00 0.76190
   8770.00 0.75891
   8775.00 0.75583
   8780.00 0.75278
   8785.00 0.74988
   8790.00 0.74703
   8795.00 0.74409
   8800.00 0.74118
   8805.00 0.73830
   8810.00 0.73546
   8815.00 0.73263
   8820.00 0.72982
   8825.00 0.72706
   8830.00 0.72431
   8835.00 0.72156
   8840.00 0.71882
   8845.00 0.71605
   8850.00 0.71328
   8855.00 0.71053
   8860.00 0.70777
   8865.00 0.70504
   8870.00 0.70231
   8875.00 0.69948
   8880.00 0.69665
   8885.00 0.69386
   8890.00 0.69106
   8895.00 0.68821
   8900.00 0.68533
   8905.00 0.68240
   8910.00 0.67944
   8915.00 0.67649
   8920.00 0.67351
   8925.00 0.67045
   8930.00 0.66737
   8935.00 0.66423
   8940.00 0.66106
   8945.00 0.65570
   8950.00 0.65031
   8955.00 0.64125
   8960.00 0.63216
   8965.00 0.62523
   8970.00 0.61827
   8975.00 0.61141
   8980.00 0.60452
   8985.00 0.58408
   8990.00 0.56360
   8995.00 0.56077
   9000.00 0.55793
   9005.00 0.55678
   9010.00 0.55560
   9015.00 0.55503
   9020.00 0.55444
   9025.00 0.55632
   9030.00 0.55817
   9035.00 0.57507
   9040.00 0.59194
   9045.00 0.58697
   9050.00 0.58197
   9055.00 0.57591
   9060.00 0.56984
   9065.00 0.55735
   9070.00 0.54485
   9075.00 0.53917
   9080.00 0.53348
   9085.00 0.53182
   9090.00 0.53015
   9095.00 0.52658
   9100.00 0.52301
   9105.00 0.52463
   9110.00 0.52624
   9115.00 0.52268
   9120.00 0.51913
   9125.00 0.51238
   9130.00 0.50564
   9135.00 0.50467
   9140.00 0.50371
   9145.00 0.50054
   9150.00 0.49738
   9155.00 0.49487
   9160.00 0.49237
   9165.00 0.49186
   9170.00 0.49137
   9175.00 0.48689
   9180.00 0.48242
   9185.00 0.48753
   9190.00 0.49265
   9195.00 0.49167
   9200.00 0.49071
   9205.00 0.47742
   9210.00 0.46415
   9215.00 0.45926
   9220.00 0.45439
   9225.00 0.46260
   9230.00 0.47082
   9235.00 0.45524
   9240.00 0.43967
   9245.00 0.43680
   9250.00 0.43396
   9255.00 0.43609
   9260.00 0.43824
   9265.00 0.43500
   9270.00 0.43178
   9275.00 0.42115
   9280.00 0.41052
   9285.00 0.39985
   9290.00 0.38919
   9295.00 0.37598
   9300.00 0.36277
   9305.00 0.34403
   9310.00 0.32527
   9315.00 0.30724
   9320.00 0.28919
   9325.00 0.28028
   9330.00 0.27136
   9335.00 0.25731
   9340.00 0.24325
   9345.00 0.24905
   9350.00 0.25487
   9355.00 0.25625
   9360.00 0.25765
   9365.00 0.25765
   9370.00 0.25767
   9375.00 0.26224
   9380.00 0.26682
   9385.00 0.28998
   9390.00 0.31320
   9395.00 0.32088
   9400.00 0.32859
   9405.00 0.31984
   9410.00 0.31108
   9415.00 0.30264
   9420.00 0.29418
   9425.00 0.28231
   9430.00 0.27041
   9435.00 0.26456
   9440.00 0.25870
   9445.00 0.26273
   9450.00 0.26677
   9455.00 0.26416
   9460.00 0.26153
   9465.00 0.26562
   9470.00 0.26972
   9475.00 0.26634
   9480.00 0.26294
   9485.00 0.26359
   9490.00 0.26423
   9495.00 0.25544
   9500.00 0.24661
   9505.00 0.25904
   9510.00 0.27151
   9515.00 0.25590
   9520.00 0.24024
   9525.00 0.24061
   9530.00 0.24099
   9535.00 0.24126
   9540.00 0.24152
   9545.00 0.24071
   9550.00 0.23988
   9555.00 0.23945
   9560.00 0.23901
   9565.00 0.24028
   9570.00 0.24155
   9575.00 0.24509
   9580.00 0.24864
   9585.00 0.24259
   9590.00 0.23651
   9595.00 0.24112
   9600.00 0.24572
   9605.00 0.24741
   9610.00 0.24909
   9615.00 0.24628
   9620.00 0.24346
   9625.00 0.24447
   9630.00 0.24548
   9635.00 0.24289
   9640.00 0.24030
   9645.00 0.24139
   9650.00 0.24248
   9655.00 0.24128
   9660.00 0.24006
   9665.00 0.24163
   9670.00 0.24320
   9675.00 0.24489
   9680.00 0.24659
   9685.00 0.24613
   9690.00 0.24566
   9695.00 0.24314
   9700.00 0.24061
   9705.00 0.23929
   9710.00 0.23796
   9715.00 0.23660
   9720.00 0.23524
   9725.00 0.23163
   9730.00 0.22801
   9735.00 0.22440
   9740.00 0.22078
   9745.00 0.22006
   9750.00 0.21935
   9755.00 0.21767
   9760.00 0.21599
   9765.00 0.21774
   9770.00 0.21949
   9775.00 0.21801
   9780.00 0.21651
   9785.00 0.21402
   9790.00 0.21153
   9795.00 0.21057
   9800.00 0.20959
   9805.00 0.20843
   9810.00 0.20727
   9815.00 0.20449
   9820.00 0.20171
   9825.00 0.19895
   9830.00 0.19619
   9835.00 0.19342
   9840.00 0.19066
   9845.00 0.18790
   9850.00 0.18513
   9855.00 0.18238
   9860.00 0.17962
   9865.00 0.17687
   9870.00 0.17412
   9875.00 0.17134
   9880.00 0.16857
   9885.00 0.16583
   9890.00 0.16308
   9895.00 0.16034
   9900.00 0.15761
   9905.00 0.15619
   9910.00 0.15477
   9915.00 0.15334
   9920.00 0.15191
   9925.00 0.15051
   9930.00 0.14910
   9935.00 0.14769
   9940.00 0.14627
   9945.00 0.14488
   9950.00 0.14348
   9955.00 0.14209
   9960.00 0.14069
   9965.00 0.13932
   9970.00 0.13794
   9975.00 0.13656
   9980.00 0.13518
   9985.00 0.13381
   9990.00 0.13244
   9995.00 0.13107
  10000.00 0.12970
  10005.00 0.12835
  10010.00 0.12701
  10015.00 0.12456
  10020.00 0.12211
  10025.00 0.11926
  10030.00 0.11640
  10035.00 0.11416
  10040.00 0.11191
  10045.00 0.11042
  10050.00 0.10892
  10055.00 0.10811
  10060.00 0.10729
  10065.00 0.10692
  10070.00 0.10656
  10075.00 0.10672
  10080.00 0.10689
  10085.00 0.10580
  10090.00 0.10471
  10095.00 0.10403
  10100.00 0.10336
  10105.00 0.10207
  10110.00 0.10077
  10115.00 0.09948
  10120.00 0.09818
  10125.00 0.09691
  10130.00 0.09564
  10135.00 0.09436
  10140.00 0.09308
  10145.00 0.09181
  10150.00 0.09054
  10155.00 0.08926
  10160.00 0.08799
  10165.00 0.08672
  10170.00 0.08546
  10175.00 0.08418
  10180.00 0.08290
  10185.00 0.08163
  10190.00 0.08036
  10195.00 0.07909
  10200.00 0.07781
  10205.00 0.07654
  10210.00 0.07526
  10215.00 0.07400
  10220.00 0.07274
  10225.00 0.07147
  10230.00 0.07021
  10235.00 0.06894
  10240.00 0.06768
  10245.00 0.06641
  10250.00 0.06514
  10255.00 0.06387
  10260.00 0.06260
  10265.00 0.06132
  10270.00 0.06004
  10275.00 0.05876
  10280.00 0.05749
  10285.00 0.05621
  10290.00 0.05493
  10295.00 0.05365
  10300.00 0.05237
  10305.00 0.05109
  10310.00 0.04980
  10315.00 0.04852
  10320.00 0.04722
  10325.00 0.04594
  10330.00 0.04465
  10335.00 0.04336
  10340.00 0.04207
  10345.00 0.04078
  10350.00 0.03948
  10355.00 0.03819
  10360.00 0.03689
  10365.00 0.03559
  10370.00 0.03429
  10375.00 0.03298
  10380.00 0.03167
  10385.00 0.03037
  10390.00 0.02906
  10395.00 0.02775
  10400.00 0.02644
  10405.00 0.02513
  10410.00 0.02381
  10415.00 0.02250
  10420.00 0.02118
  10425.00 0.01987
  10430.00 0.01855
  10435.00 0.01723
  10440.00 0.01591
  10445.00 0.01458
  10450.00 0.01326
  10455.00 0.01194
  10460.00 0.01062
  10465.00 0.00929
  10470.00 0.00796
  10475.00 0.00664
  10480.00 0.00531
  10485.00 0.00398
  10490.00 0.00266
  10495.00 0.00133
  10500.00 0.00000
  10505.00 0.00000
  10510.00 0.00000
  10515.00 0.00000
  10520.00 0.00000
  10525.00 0.00000
  10530.00 0.00000
  10535.00 0.00000
  10540.00 0.00000
  10545.00 0.00000
  10550.00 0.00000
  10555.00 0.00000
  10560.00 0.00000
  10565.00 0.00000
  10570.00 0.00000
  10575.00 0.00000
  10580.00 0.00000
  10585.00 0.00000
  10590.00 0.00000
  10595.00 0.00000
  10600.00 0.00000
  10605.00 0.00000
  10610.00 0.00000
  10615.00 0.00000
  10620.00 0.00000
  10625.00 0.00000
  10630.00 0.00000
  10635.00 0.00000
  10640.00 0.00000
  10645.00 0.00000
  10650.00 0.00000
  10655.00 0.00000
  10660.00 0.00000
  10665.00 0.00000
  10670.00 0.00000
  10675.00 0.00000
  10680.00 0.00000
  10685.00 0.00000
  10690.00 0.00000
  10695.00 0.00000
  10700.00 0.00000
  10705.00 0.00000
  10710.00 0.00000
  10715.00 0.00000
  10720.00 0.00000
  10725.00 0.00000
  10730.00 0.00000
  10735.00 0.00000
  10740.00 0.00000
  10745.00 0.00000
  10750.00 0.00000
  10755.00 0.00000
  10760.00 0.00000
  10765.00 0.00000
  10770.00 0.00000
  10775.00 0.00000
  10780.00 0.00000
  10785.00 0.00000
  10790.00 0.00000
  10795.00 0.00000
  10800.00 0.00000
  10805.00 0.00000
  10810.00 0.00000
  10815.00 0.00000
  10820.00 0.00000
  10825.00 0.00000
  10830.00 0.00000
  10835.00 0.00000
  10840.00 0.00000
  10845.00 0.00000
  10850.00 0.00000
  10855.00 0.00000
  10860.00 0.00000
  10865.00 0.00000
  10870.00 0.00000
  10875.00 0.00000
  10880.00 0.00000
  10885.00 0.00000
  10890.00 0.00000
  10895.00 0.00000
  10900.00 0.00000
  10905.00 0.00000
  10910.00 0.00000
  10915.00 0.00000
  10920.00 0.00000
  10925.00 0.00000
  10930.00 0.00000
  10935.00 0.00000
  10940.00 0.00000
  10945.00 0.00000
  10950.00 0.00000
  10955.00 0.00000
  10960.00 0.00000
  10965.00 0.00000
  10970.00 0.00000
  10975.00 0.00000
  10980.00 0.00000
  10985.00 0.00000
  10990.00 0.00000
  10995.00 0.00000
