       1702.33   4.68750e-15
       1703.70   5.65900e-15
       1705.08   1.30030e-14
       1706.45   5.51850e-16
       1707.82   9.75060e-15
       1709.19   1.06860e-14
       1710.56   7.96800e-15
       1711.93   1.10610e-15
       1713.30   3.34160e-15
       1714.68   4.97740e-15
       1716.05   1.09450e-14
       1717.42   1.10750e-14
       1718.79   5.58600e-15
       1720.16   2.00480e-14
       1721.53   1.64730e-14
       1722.90   1.71530e-14
       1724.28   1.73150e-14
       1725.65   1.61790e-14
       1727.02   2.22920e-14
       1728.39   1.77180e-14
       1729.76   1.76500e-14
       1731.13   2.10430e-14
       1732.50   1.97480e-14
       1733.88   2.04690e-14
       1735.25   2.18770e-14
       1736.62   2.09750e-14
       1737.99   2.30830e-14
       1739.36   2.87080e-14
       1740.73   3.43810e-14
       1742.11   2.94130e-14
       1743.48   3.19170e-14
       1744.85   3.00030e-14
       1746.22   2.83640e-14
       1747.59   3.65870e-14
       1748.96   3.66090e-14
       1750.34   3.58140e-14
       1751.71   3.85350e-14
       1753.08   3.80520e-14
       1754.45   4.32410e-14
       1755.82   4.59150e-14
       1757.19   4.60170e-14
       1758.57   4.64650e-14
       1759.94   4.41610e-14
       1761.31   4.20290e-14
       1762.68   4.29010e-14
       1764.05   4.25720e-14
       1765.43   5.15710e-14
       1766.80   4.62730e-14
       1768.17   5.17680e-14
       1769.54   5.56790e-14
       1770.91   5.76540e-14
       1772.29   5.63660e-14
       1773.66   5.61060e-14
       1775.03   5.93560e-14
       1776.40   6.13560e-14
       1777.77   6.31040e-14
       1779.15   6.73350e-14
       1780.52   6.22850e-14
       1781.89   6.31320e-14
       1783.26   6.47650e-14
       1784.63   6.87100e-14
       1786.01   6.69890e-14
       1787.38   7.29310e-14
       1788.75   7.73210e-14
       1790.12   7.74700e-14
       1791.49   7.52200e-14
       1792.87   7.22940e-14
       1794.24   7.00060e-14
       1795.61   7.03440e-14
       1796.98   7.51100e-14
       1798.35   7.98410e-14
       1799.73   8.41130e-14
       1801.10   8.42900e-14
       1802.47   7.80120e-14
       1803.84   7.46570e-14
       1805.22   5.69910e-14
       1806.59   5.69460e-14
       1807.96   7.01210e-14
       1809.33   8.20530e-14
       1810.70   7.64970e-14
       1812.08   7.26350e-14
       1813.45   7.42350e-14
       1814.82   7.61950e-14
       1816.19   7.47840e-14
       1817.57   7.29680e-14
       1818.94   7.00020e-14
       1820.31   8.00360e-14
       1821.68   8.35350e-14
       1823.06   8.31550e-14
       1824.43   7.44450e-14
       1825.80   7.98190e-14
       1827.17   8.36910e-14
       1828.55   8.63680e-14
       1829.92   8.44230e-14
       1831.29   8.91510e-14
       1832.66   8.84330e-14
       1834.04   8.46530e-14
       1835.41   8.67470e-14
       1836.78   8.28580e-14
       1838.15   7.05690e-14
       1839.53   6.83650e-14
       1840.90   8.17190e-14
       1842.27   7.42840e-14
       1843.64   6.60190e-14
       1845.02   5.61620e-14
       1846.39   5.62250e-14
       1847.76   6.58180e-14
       1849.13   5.79000e-14
       1850.51   6.49960e-14
       1851.88   8.12570e-14
       1853.25   8.97970e-14
       1854.62   8.96830e-14
       1856.00   8.74480e-14
       1857.37   8.59020e-14
       1858.74   9.20810e-14
       1860.11   9.16850e-14
       1861.49   9.23030e-14
       1862.86   8.79770e-14
       1864.23   9.45340e-14
       1865.61   1.03030e-13
       1866.98   1.03860e-13
       1868.35   1.04270e-13
       1869.72   1.03220e-13
       1871.10   1.00530e-13
       1872.47   9.87250e-14
       1873.84   9.42940e-14
       1875.21   9.38820e-14
       1876.59   9.69050e-14
       1877.96   1.01330e-13
       1879.33   9.97980e-14
       1880.71   1.09000e-13
       1882.08   1.12090e-13
       1883.45   1.15990e-13
       1884.82   1.15130e-13
       1886.20   1.09350e-13
       1887.57   1.13490e-13
       1888.94   1.13450e-13
       1890.32   1.12070e-13
       1891.69   1.12180e-13
       1893.06   1.16790e-13
       1894.44   1.11810e-13
       1895.81   1.08960e-13
       1897.18   1.01090e-13
       1898.55   9.74780e-14
       1899.93   1.00230e-13
       1901.30   1.12770e-13
       1902.67   1.13710e-13
       1904.05   1.14030e-13
       1905.42   1.18230e-13
       1906.79   1.18100e-13
       1908.17   1.14560e-13
       1909.54   1.20250e-13
       1910.91   1.23010e-13
       1912.28   1.23640e-13
       1913.66   1.29720e-13
       1915.03   1.26390e-13
       1916.40   1.27060e-13
       1917.78   1.33390e-13
       1919.15   1.34620e-13
       1920.52   1.31230e-13
       1921.90   1.30190e-13
       1923.27   1.24140e-13
       1924.64   1.25400e-13
       1926.02   1.23340e-13
       1927.39   1.09530e-13
       1928.76   9.12390e-14
       1930.14   9.82330e-14
       1931.51   1.11280e-13
       1932.88   1.16120e-13
       1934.26   1.17500e-13
       1935.63   1.25870e-13
       1937.00   1.39760e-13
       1938.37   1.39710e-13
       1939.75   1.43560e-13
       1941.12   1.47570e-13
       1942.49   1.42880e-13
       1943.87   1.40330e-13
       1945.24   1.41990e-13
       1946.61   1.46020e-13
       1947.99   1.42290e-13
       1949.36   1.39160e-13
       1950.73   1.35270e-13
       1952.11   1.45670e-13
       1953.48   1.39690e-13
       1954.85   1.39180e-13
       1956.23   1.40410e-13
       1957.60   1.44030e-13
       1958.97   1.36580e-13
       1960.35   1.37510e-13
       1961.72   1.39360e-13
       1963.09   1.48490e-13
       1964.47   1.54280e-13
       1965.84   1.55720e-13
       1967.22   1.58100e-13
       1968.59   1.56260e-13
       1969.96   1.51460e-13
       1971.34   1.49620e-13
       1972.71   1.45960e-13
       1974.08   1.45160e-13
       1975.46   1.44420e-13
       1976.83   1.40230e-13
       1978.20   1.42940e-13
       1979.58   1.46240e-13
       1980.95   1.47360e-13
       1982.32   1.44910e-13
       1983.70   1.42580e-13
       1985.07   1.41890e-13
       1986.44   1.39500e-13
       1987.82   1.37540e-13
       1989.19   1.45500e-13
       1990.56   1.50480e-13
       1991.94   1.49280e-13
       1993.31   1.50080e-13
       1994.69   1.52980e-13
       1996.06   1.54480e-13
       1997.43   1.49120e-13
       1998.81   1.48540e-13
       2000.18   1.53630e-13
       2001.55   1.54130e-13
       2002.93   1.48860e-13
       2004.30   1.55080e-13
       2005.67   1.50100e-13
       2007.05   1.56470e-13
       2008.42   1.57080e-13
       2009.80   1.48820e-13
       2011.17   1.57810e-13
       2012.54   1.60020e-13
       2013.92   1.60790e-13
       2015.29   1.58340e-13
       2016.66   1.62290e-13
       2018.04   1.56390e-13
       2019.41   1.54050e-13
       2020.79   1.53030e-13
       2022.16   1.52940e-13
       2023.53   1.42260e-13
       2024.91   1.35660e-13
       2026.28   1.56890e-13
       2027.65   1.64360e-13
       2029.03   1.70040e-13
       2030.40   1.69240e-13
       2031.78   1.60990e-13
       2033.15   1.64390e-13
       2034.52   1.66360e-13
       2035.90   1.71880e-13
       2037.27   1.67140e-13
       2038.64   1.67790e-13
       2040.02   1.73830e-13
       2041.39   1.83090e-13
       2042.77   1.81250e-13
       2044.14   1.85090e-13
       2045.51   1.88670e-13
       2046.89   1.91580e-13
       2048.26   1.89970e-13
       2049.64   1.87350e-13
       2051.01   1.88100e-13
       2052.38   1.78940e-13
       2053.76   1.63640e-13
       2055.13   1.65450e-13
       2056.50   1.70270e-13
       2057.88   1.73130e-13
       2059.25   1.74660e-13
       2060.63   1.65390e-13
       2062.00   1.75190e-13
       2063.37   1.79040e-13
       2064.75   1.77370e-13
       2066.12   1.82410e-13
       2067.50   1.89850e-13
       2068.87   1.92170e-13
       2070.24   1.97770e-13
       2071.62   1.98700e-13
       2072.99   2.02040e-13
       2074.37   2.07440e-13
       2075.74   2.04370e-13
       2077.11   2.02900e-13
       2078.49   2.01560e-13
       2079.86   1.93090e-13
       2081.24   1.93210e-13
       2082.61   1.94590e-13
       2083.98   1.98650e-13
       2085.36   2.04920e-13
       2086.73   2.01910e-13
       2088.11   2.01120e-13
       2089.48   1.99620e-13
       2090.85   2.00830e-13
       2092.23   1.94730e-13
       2093.60   1.92860e-13
       2094.98   2.00230e-13
       2096.35   1.99440e-13
       2097.72   1.99670e-13
       2099.10   1.93550e-13
       2100.47   1.96930e-13
       2101.85   1.90910e-13
       2103.22   2.02840e-13
       2104.59   2.04300e-13
       2105.97   1.92810e-13
       2107.34   1.85090e-13
       2108.72   1.84980e-13
       2110.09   1.90920e-13
       2111.47   1.89330e-13
       2112.84   1.91140e-13
       2114.21   2.05820e-13
       2115.59   2.13000e-13
       2116.96   2.12760e-13
       2118.34   2.13470e-13
       2119.71   2.08390e-13
       2121.08   1.85240e-13
       2122.46   1.62960e-13
       2123.83   1.70970e-13
       2125.21   1.95140e-13
       2126.58   1.94570e-13
       2127.96   1.87140e-13
       2129.33   1.79200e-13
       2130.70   1.72920e-13
       2132.08   1.66700e-13
       2133.45   1.64840e-13
       2134.83   1.81360e-13
       2136.20   1.91270e-13
       2137.57   1.87480e-13
       2138.95   1.96200e-13
       2140.32   2.06060e-13
       2141.70   2.08230e-13
       2143.07   2.05400e-13
       2144.45   2.01760e-13
       2145.82   1.97950e-13
       2147.19   2.00590e-13
       2148.57   1.98050e-13
       2149.94   1.90170e-13
       2151.32   2.02790e-13
       2152.69   2.05140e-13
       2154.07   2.02100e-13
       2155.44   2.00000e-13
       2156.81   1.87860e-13
       2158.19   1.80010e-13
       2159.56   1.93160e-13
       2160.94   2.01070e-13
       2162.31   1.99970e-13
       2163.69   1.87030e-13
       2165.06   1.78420e-13
       2166.43   1.87600e-13
       2167.81   1.93360e-13
       2169.18   1.98820e-13
       2170.56   1.97350e-13
       2171.93   1.94210e-13
       2173.31   1.87490e-13
       2174.68   1.91870e-13
       2176.05   1.95470e-13
       2177.43   2.11840e-13
       2178.80   2.23820e-13
       2180.18   2.32790e-13
       2181.55   2.25090e-13
       2182.93   2.14820e-13
       2184.30   2.14390e-13
       2185.67   2.01780e-13
       2187.05   2.15310e-13
       2188.42   2.21440e-13
       2189.80   2.22810e-13
       2191.17   2.29070e-13
       2192.55   2.42520e-13
       2193.92   2.42990e-13
       2195.29   2.39550e-13
       2196.67   2.44000e-13
       2198.04   2.37590e-13
       2199.42   2.24560e-13
       2200.79   2.38160e-13
       2202.17   2.45900e-13
       2203.54   2.40310e-13
       2204.92   2.23600e-13
       2206.29   2.13620e-13
       2207.66   2.04380e-13
       2209.04   1.85220e-13
       2210.41   1.92880e-13
       2211.79   2.13330e-13
       2213.16   2.12260e-13
       2214.54   2.02260e-13
       2215.91   1.93490e-13
       2217.28   2.17260e-13
       2218.66   2.25830e-13
       2220.03   2.28690e-13
       2221.41   2.28670e-13
       2222.78   2.28800e-13
       2224.16   2.27990e-13
       2225.53   2.26320e-13
       2226.91   2.31740e-13
       2228.28   2.41760e-13
       2229.65   2.44570e-13
       2231.03   2.52880e-13
       2232.40   2.55230e-13
       2233.78   2.57380e-13
       2235.15   2.55180e-13
       2236.53   2.54410e-13
       2237.90   2.57150e-13
       2239.28   2.47980e-13
       2240.65   2.34820e-13
       2242.02   2.30870e-13
       2243.40   2.26990e-13
       2244.77   2.36180e-13
       2246.15   2.33380e-13
       2247.52   2.21660e-13
       2248.90   2.19040e-13
       2250.27   2.23350e-13
       2251.65   2.17620e-13
       2253.02   2.13550e-13
       2254.39   2.19270e-13
       2255.77   2.30930e-13
       2257.14   2.25920e-13
       2258.52   2.15400e-13
       2259.89   2.24040e-13
       2261.27   2.29370e-13
       2262.64   2.22030e-13
       2264.02   2.15880e-13
       2265.39   2.11920e-13
       2266.76   2.14160e-13
       2268.14   2.23930e-13
       2269.51   2.28600e-13
       2270.89   2.30900e-13
       2272.26   2.30750e-13
       2273.64   2.25050e-13
       2275.01   2.24960e-13
       2276.39   2.33580e-13
       2277.76   2.37220e-13
       2279.14   2.46110e-13
       2280.51   2.56970e-13
       2281.88   2.43380e-13
       2283.26   2.49700e-13
       2284.63   2.45390e-13
       2286.01   2.32270e-13
       2287.38   2.40380e-13
       2288.76   2.32680e-13
       2290.13   2.32040e-13
       2291.51   2.35120e-13
       2292.88   2.35640e-13
       2294.25   2.30390e-13
       2295.63   2.09440e-13
       2297.00   2.03350e-13
       2298.38   2.18140e-13
       2299.75   2.26880e-13
       2301.13   2.30190e-13
       2302.50   2.33720e-13
       2303.88   2.51800e-13
       2305.25   2.50200e-13
       2306.62   2.44700e-13
       2308.00   2.46230e-13
       2309.37   2.33910e-13
       2310.75   2.16650e-13
       2312.12   2.22350e-13
       2313.50   2.38070e-13
       2314.87   2.46140e-13
       2316.25   2.45330e-13
       2317.62   2.40750e-13
       2319.00   2.36750e-13
       2320.37   2.49990e-13
       2321.74   2.58310e-13
       2323.12   2.42870e-13
       2324.49   2.19890e-13
       2325.87   2.19570e-13
       2327.24   2.41760e-13
       2328.62   2.33160e-13
       2329.99   2.01550e-13
       2331.37   1.94840e-13
       2332.74   2.16790e-13
       2334.11   2.31990e-13
       2335.49   2.09660e-13
       2336.86   1.95230e-13
       2338.24   2.12470e-13
       2339.61   2.14770e-13
       2340.99   1.84870e-13
       2342.36   1.43460e-13
       2343.74   1.50890e-13
       2345.11   1.66950e-13
       2346.49   1.69570e-13
       2347.86   2.07300e-13
       2349.23   2.34460e-13
       2350.61   2.46550e-13
       2351.98   2.39390e-13
       2353.36   2.27730e-13
       2354.73   2.41010e-13
       2356.11   2.35460e-13
       2357.48   1.93750e-13
       2358.86   1.77490e-13
       2360.23   2.11250e-13
       2361.60   2.22200e-13
       2362.98   2.08880e-13
       2364.35   2.11000e-13
       2365.73   2.21760e-13
       2367.10   2.31040e-13
       2368.48   2.41150e-13
       2369.85   2.45230e-13
       2371.23   2.26340e-13
       2372.60   2.02010e-13
       2373.97   2.21720e-13
       2375.35   2.42100e-13
       2376.72   2.19580e-13
       2378.10   1.81040e-13
       2379.47   1.41290e-13
       2380.85   1.12190e-13
       2382.22   1.53330e-13
       2383.60   2.05210e-13
       2384.97   2.21110e-13
       2386.34   1.90600e-13
       2387.72   1.95260e-13
       2389.09   2.36560e-13
       2390.47   2.44510e-13
       2391.84   2.30220e-13
       2393.22   1.77040e-13
       2394.59   1.61820e-13
       2395.97   1.96500e-13
       2397.34   1.91340e-13
       2398.71   2.05580e-13
       2400.09   2.28580e-13
       2401.46   2.10820e-13
       2402.84   1.66700e-13
       2404.21   1.51530e-13
       2405.59   1.75130e-13
       2406.96   2.02770e-13
       2408.34   1.84910e-13
       2409.71   1.61830e-13
       2411.08   1.91080e-13
       2412.46   2.07470e-13
       2413.83   2.38380e-13
       2415.21   2.47280e-13
       2416.58   2.59140e-13
       2417.96   2.70740e-13
       2419.33   2.83650e-13
       2420.71   2.78440e-13
       2422.08   2.53870e-13
       2423.45   2.54370e-13
       2424.83   2.72550e-13
       2426.20   2.72510e-13
       2427.58   2.61230e-13
       2428.95   2.67320e-13
       2430.33   2.69870e-13
       2431.70   2.53370e-13
       2433.08   2.38650e-13
       2434.45   2.35380e-13
       2435.82   2.47140e-13
       2437.20   2.53280e-13
       2438.57   2.57470e-13
       2439.95   2.77450e-13
       2441.32   2.79520e-13
       2442.70   2.66980e-13
       2444.07   2.61060e-13
       2445.44   2.60430e-13
       2446.82   2.64000e-13
       2448.19   2.55990e-13
       2449.57   2.46460e-13
       2450.94   2.50370e-13
       2452.32   2.54330e-13
       2453.69   2.63010e-13
       2455.06   2.67880e-13
       2456.44   2.71930e-13
       2457.81   2.64340e-13
       2459.19   2.53720e-13
       2460.56   2.38140e-13
       2461.94   2.41070e-13
       2463.31   2.50730e-13
       2464.69   2.52030e-13
       2466.06   2.51750e-13
       2467.43   2.59360e-13
       2468.81   2.56800e-13
       2470.18   2.50590e-13
       2471.56   2.41400e-13
       2472.93   2.60380e-13
       2474.31   2.53510e-13
       2475.68   2.43120e-13
       2477.05   2.34220e-13
       2478.43   2.40770e-13
       2479.80   2.51990e-13
       2481.18   2.20850e-13
       2482.55   2.07880e-13
       2483.93   2.38880e-13
       2485.30   2.37500e-13
       2486.67   2.13230e-13
       2488.05   1.96460e-13
       2489.42   1.99460e-13
       2490.80   2.21820e-13
       2492.17   2.50300e-13
       2493.54   2.76050e-13
       2494.92   2.78890e-13
       2496.29   2.77320e-13
       2497.67   2.81970e-13
       2499.04   2.75990e-13
       2500.42   2.54980e-13
       2501.79   2.61980e-13
       2503.16   2.54910e-13
       2504.54   2.21760e-13
       2505.91   2.21960e-13
       2507.29   2.66090e-13
       2508.66   2.69120e-13
       2510.04   2.39960e-13
       2511.41   2.22030e-13
       2512.78   1.79880e-13
       2514.16   1.57930e-13
       2515.53   1.62990e-13
       2516.91   1.85700e-13
       2518.28   1.97320e-13
       2519.65   2.13190e-13
       2521.03   1.87480e-13
       2522.40   1.64510e-13
       2523.78   1.73750e-13
       2525.15   1.79700e-13
       2526.53   1.56450e-13
       2527.90   1.60870e-13
       2529.27   2.15300e-13
       2530.65   2.35350e-13
       2532.02   2.28160e-13
       2533.40   2.19310e-13
       2534.77   2.13250e-13
       2536.14   2.18210e-13
       2537.52   2.20040e-13
       2538.89   2.29290e-13
       2540.27   2.27250e-13
       2541.64   2.40770e-13
       2543.01   2.34760e-13
       2544.39   2.28320e-13
       2545.76   2.30660e-13
       2547.14   2.15370e-13
       2548.51   2.22900e-13
       2549.88   2.67720e-13
       2551.26   2.82330e-13
       2552.63   2.87550e-13
       2554.01   2.83370e-13
       2555.38   2.83090e-13
       2556.75   2.93160e-13
       2558.13   2.89250e-13
       2559.50   2.77120e-13
       2560.88   2.46530e-13
       2562.25   2.52070e-13
       2563.62   2.96380e-13
       2565.00   2.99540e-13
       2566.37   2.96490e-13
       2567.75   3.00190e-13
       2569.12   3.02730e-13
       2570.49   3.02310e-13
       2571.87   3.07600e-13
       2573.24   2.92850e-13
       2574.62   2.72960e-13
       2575.99   2.85860e-13
       2577.36   3.07700e-13
       2578.74   3.14190e-13
       2580.11   3.04570e-13
       2581.49   2.90270e-13
       2582.86   2.84150e-13
       2584.23   2.41650e-13
       2585.61   2.79960e-13
       2586.98   3.10290e-13
       2588.36   3.31500e-13
       2589.73   3.08680e-13
       2591.10   2.95300e-13
       2592.48   2.89660e-13
       2593.85   3.09680e-13
       2595.22   2.64780e-13
       2596.60   1.83270e-13
       2597.97   1.66970e-13
       2599.35   2.56960e-13
       2600.72   3.02120e-13
       2602.09   2.97270e-13
       2603.47   2.56910e-13
       2604.84   2.17790e-13
       2606.22   2.36440e-13
       2607.59   2.70300e-13
       2608.96   2.43660e-13
       2610.34   1.99480e-13
       2611.71   2.20250e-13
       2613.08   2.64690e-13
       2614.46   3.06820e-13
       2615.83   2.76320e-13
       2617.21   2.88090e-13
       2618.58   3.00420e-13
       2619.95   2.96020e-13
       2621.33   3.08720e-13
       2622.70   2.97910e-13
       2624.07   2.64900e-13
       2625.45   2.70850e-13
       2626.82   2.49320e-13
       2628.20   2.38440e-13
       2629.57   2.10260e-13
       2630.94   2.66630e-13
       2632.32   3.27970e-13
       2633.69   3.45810e-13
       2635.06   3.56390e-13
       2636.44   3.68230e-13
       2637.81   3.73290e-13
       2639.18   3.74050e-13
       2640.56   3.82570e-13
       2641.93   3.82260e-13
       2643.31   3.76180e-13
       2644.68   3.74790e-13
       2646.05   3.77600e-13
       2647.43   3.76950e-13
       2648.80   3.82810e-13
       2650.17   3.78030e-13
       2651.55   3.76540e-13
       2652.92   3.88380e-13
       2654.29   3.89630e-13
       2655.67   3.82020e-13
       2657.04   3.71260e-13
       2658.41   3.73410e-13
       2659.79   3.55190e-13
       2661.16   3.40830e-13
       2662.53   3.35950e-13
       2663.91   3.46260e-13
       2665.28   3.36520e-13
       2666.66   3.41800e-13
       2668.03   3.47380e-13
       2669.40   3.57960e-13
       2670.78   3.56520e-13
       2672.15   3.72300e-13
       2673.52   3.79990e-13
       2674.90   3.65560e-13
       2676.27   3.45080e-13
       2677.64   3.44440e-13
       2679.02   3.66290e-13
       2680.39   3.70040e-13
       2681.76   3.68740e-13
       2683.14   3.68860e-13
       2684.51   3.70610e-13
       2685.88   3.55890e-13
       2687.26   3.40280e-13
       2688.63   3.40430e-13
       2690.00   3.51180e-13
       2691.38   3.54270e-13
       2692.75   3.52770e-13
       2694.12   3.47060e-13
       2695.50   3.46310e-13
       2696.87   3.45320e-13
       2698.24   3.67240e-13
       2699.62   3.60600e-13
       2700.99   3.68920e-13
       2702.36   3.70600e-13
       2703.74   3.59450e-13
       2705.11   3.45660e-13
       2706.48   3.50080e-13
       2707.86   3.44150e-13
       2709.23   3.45430e-13
       2710.60   3.44310e-13
       2711.97   3.44410e-13
       2713.35   3.32580e-13
       2714.72   3.41550e-13
       2716.09   3.33790e-13
       2717.47   3.26980e-13
       2718.84   3.32400e-13
       2720.21   3.40930e-13
       2721.59   3.35200e-13
       2722.96   3.29740e-13
       2724.33   3.28850e-13
       2725.71   3.24850e-13
       2727.08   3.48160e-13
       2728.45   3.59920e-13
       2729.83   3.52140e-13
       2731.20   3.38120e-13
       2732.57   3.30850e-13
       2733.94   3.21560e-13
       2735.32   2.98000e-13
       2736.69   3.05650e-13
       2738.06   2.88190e-13
       2739.44   2.99180e-13
       2740.81   2.71560e-13
       2742.18   2.82830e-13
       2743.56   2.90970e-13
       2744.93   2.51650e-13
       2746.30   2.68940e-13
       2747.67   2.50740e-13
       2749.05   2.92200e-13
       2750.42   3.27860e-13
       2751.79   3.15340e-13
       2753.17   2.83570e-13
       2754.54   2.76610e-13
       2755.91   3.29840e-13
       2757.28   3.49970e-13
       2758.66   3.39740e-13
       2760.03   3.29260e-13
       2761.40   3.37080e-13
       2762.78   3.55000e-13
       2764.15   3.48880e-13
       2765.52   3.39860e-13
       2766.89   3.35980e-13
       2768.27   3.49410e-13
       2769.64   3.55860e-13
       2771.01   3.60960e-13
       2772.39   3.65760e-13
       2773.76   3.47370e-13
       2775.13   3.35030e-13
       2776.50   3.17770e-13
       2777.88   3.13650e-13
       2779.25   3.18750e-13
       2780.62   3.23360e-13
       2781.99   3.24600e-13
       2783.37   3.31200e-13
       2784.74   3.20230e-13
       2786.11   2.88930e-13
       2787.48   2.51080e-13
       2788.86   1.96990e-13
       2790.23   1.42020e-13
       2791.60   8.80830e-14
       2792.98   5.91580e-14
       2794.35   5.41780e-14
       2795.72   6.88470e-14
       2797.09   9.20980e-14
       2798.47   9.16160e-14
       2799.84   6.92440e-14
       2801.21   7.08530e-14
       2802.58   1.09990e-13
       2803.96   1.78840e-13
       2805.33   2.46050e-13
       2806.70   2.95210e-13
       2808.07   3.13060e-13
       2809.45   3.24640e-13
       2810.82   3.41330e-13
       2812.19   3.58590e-13
       2813.56   3.70240e-13
       2814.94   3.71330e-13
       2816.31   3.75330e-13
       2817.68   3.83560e-13
       2819.05   3.83650e-13
       2820.42   3.86100e-13
       2821.80   3.89060e-13
       2823.17   3.85840e-13
       2824.54   3.82000e-13
       2825.91   3.83380e-13
       2827.29   3.83330e-13
       2828.66   3.84960e-13
       2830.03   3.81710e-13
       2831.40   3.83360e-13
       2832.78   3.71360e-13
       2834.15   3.61800e-13
       2835.52   3.82540e-13
       2836.89   3.78730e-13
       2838.26   3.65460e-13
       2839.64   3.70620e-13
       2841.01   3.61610e-13
       2842.38   3.61310e-13
       2843.75   3.66830e-13
       2845.12   3.58640e-13
       2846.50   3.28760e-13
       2847.87   2.88610e-13
       2849.24   2.21690e-13
       2850.61   2.15190e-13
       2851.99   2.90440e-13
       2853.36   3.35690e-13
       2854.73   3.51400e-13
       2856.10   3.66470e-13
       2857.47   3.86460e-13
       2858.85   3.92290e-13
       2860.22   3.83290e-13
       2861.59   3.85040e-13
       2862.96   3.82500e-13
       2864.33   3.72640e-13
       2865.71   3.68510e-13
       2867.08   3.71980e-13
       2868.45   3.86370e-13
       2869.82   3.95480e-13
       2871.19   3.88630e-13
       2872.57   3.78810e-13
       2873.94   3.71220e-13
       2875.31   3.71310e-13
       2876.68   3.66080e-13
       2878.05   3.38930e-13
       2879.42   2.98690e-13
       2880.80   3.51140e-13
       2882.17   3.93110e-13
       2883.54   4.06480e-13
       2884.91   4.05790e-13
       2886.28   3.92800e-13
       2887.66   3.83990e-13
       2889.03   3.88170e-13
       2890.40   3.73710e-13
       2891.77   3.78950e-13
       2893.14   3.94900e-13
       2894.51   4.07670e-13
       2895.89   4.16420e-13
       2897.26   4.24030e-13
       2898.63   4.33700e-13
       2900.00   4.31310e-13
       2901.37   4.39580e-13
       2902.74   4.45390e-13
       2904.12   4.31180e-13
       2905.49   4.13740e-13
       2906.86   4.08350e-13
       2908.23   4.03460e-13
       2909.60   4.16150e-13
       2910.97   4.30670e-13
       2912.34   4.30980e-13
       2913.72   4.24910e-13
       2915.09   4.23530e-13
       2916.46   4.22730e-13
       2917.83   4.23620e-13
       2919.20   4.18500e-13
       2920.57   4.11410e-13
       2921.94   3.93130e-13
       2923.32   3.99270e-13
       2924.69   4.00670e-13
       2926.06   3.96190e-13
       2927.43   4.00270e-13
       2928.80   4.31600e-13
       2930.17   4.30610e-13
       2931.54   4.28270e-13
       2932.92   4.21180e-13
       2934.29   3.94770e-13
       2935.66   3.97390e-13
       2937.03   4.07270e-13
       2938.40   4.16190e-13
       2939.77   4.14960e-13
       2941.14   4.25620e-13
       2942.51   4.09590e-13
       2943.89   4.22150e-13
       2945.26   3.99280e-13
       2946.63   3.91830e-13
       2948.00   4.16780e-13
       2949.37   4.29280e-13
       2950.74   4.18420e-13
       2952.11   4.08660e-13
       2953.48   4.37380e-13
       2954.85   4.32270e-13
       2956.23   4.37070e-13
       2957.60   4.33200e-13
       2958.97   4.37930e-13
       2960.34   4.46770e-13
       2961.71   4.26100e-13
       2963.08   4.00230e-13
       2964.45   4.01610e-13
       2965.82   4.10550e-13
       2967.19   3.96210e-13
       2968.56   3.91420e-13
       2969.93   4.17830e-13
       2971.31   4.21630e-13
       2972.68   4.42820e-13
       2974.05   4.37260e-13
       2975.42   4.51900e-13
       2976.79   4.40960e-13
       2978.16   4.22260e-13
       2979.53   4.13380e-13
       2980.90   4.08590e-13
       2982.27   3.85890e-13
       2983.64   3.88510e-13
       2985.01   4.08190e-13
       2986.38   4.27640e-13
       2987.75   4.47440e-13
       2989.13   4.52570e-13
       2990.50   4.45360e-13
       2991.87   4.36800e-13
       2993.24   4.39530e-13
       2994.61   4.53480e-13
       2995.98   4.50760e-13
       2997.35   4.22880e-13
       2998.72   4.07670e-13
       3000.09   4.04590e-13
       3001.46   4.15550e-13
       3002.83   4.45180e-13
       3004.20   4.42010e-13
       3005.57   4.25940e-13
       3006.94   4.39190e-13
       3008.31   4.52370e-13
       3009.68   4.50230e-13
       3011.05   4.51440e-13
       3012.42   4.40940e-13
       3013.80   4.30180e-13
       3015.17   4.17580e-13
       3016.54   4.07780e-13
       3017.91   3.78280e-13
       3019.28   3.91170e-13
       3020.65   4.47800e-13
       3022.02   4.46080e-13
       3023.39   4.34080e-13
       3024.76   4.47430e-13
       3026.13   4.63870e-13
       3027.50   4.49000e-13
       3028.87   4.37840e-13
       3030.24   4.44420e-13
       3031.61   4.55500e-13
       3032.98   4.58410e-13
       3034.35   4.51680e-13
       3035.72   4.38730e-13
       3037.09   4.55690e-13
       3038.46   4.42680e-13
       3039.83   4.31450e-13
       3041.20   4.44060e-13
       3042.57   4.51930e-13
       3043.94   4.52700e-13
       3045.31   4.41000e-13
       3046.68   4.50580e-13
       3048.05   4.62580e-13
       3049.42   4.65800e-13
       3050.79   4.64590e-13
       3052.16   4.50640e-13
       3053.53   4.46760e-13
       3054.90   4.22930e-13
       3056.27   4.12080e-13
       3057.64   4.31400e-13
       3059.01   4.48730e-13
       3060.38   4.44060e-13
       3061.75   4.29190e-13
       3063.12   4.12530e-13
       3064.49   3.95430e-13
       3065.82   4.21590e-13
       3068.57   4.34450e-13
       3071.31   4.36760e-13
       3074.06   4.39870e-13
       3076.81   4.42210e-13
       3079.55   4.50820e-13
       3082.30   4.48390e-13
       3085.04   4.30550e-13
       3087.79   4.14060e-13
       3090.54   4.10730e-13
       3093.28   4.12930e-13
       3096.03   4.05120e-13
       3098.78   4.10620e-13
       3101.52   4.32870e-13
       3104.27   4.49180e-13
       3107.01   4.57090e-13
       3109.76   4.59410e-13
       3112.51   4.51650e-13
       3115.25   4.32380e-13
       3118.00   4.29160e-13
       3120.75   4.37280e-13
       3123.49   4.38610e-13
       3126.24   4.44270e-13
       3128.99   4.43280e-13
       3131.73   4.50750e-13
       3134.48   4.53580e-13
       3137.22   4.48870e-13
       3139.97   4.35630e-13
       3142.72   4.33010e-13
       3145.46   4.53570e-13
       3148.21   4.57840e-13
       3150.96   4.47320e-13
       3153.70   4.35410e-13
       3156.45   4.23850e-13
       3159.20   4.28930e-13
       3161.94   4.48120e-13
       3164.69   4.57320e-13
       3167.44   4.70670e-13
       3170.18   4.78270e-13
       3172.93   4.66720e-13
       3175.68   4.38450e-13
       3178.42   4.23860e-13
       3181.17   4.36900e-13
       3183.92   4.49470e-13
       3186.66   4.49950e-13
       3189.41   4.36520e-13
       3192.16   4.42620e-13
       3194.91   4.56550e-13
       3197.65   4.68640e-13
       3200.40   4.76740e-13
       3203.15   4.78680e-13
       3205.89   4.63810e-13
       3208.64   4.40430e-13
       3211.39   4.36550e-13
       3214.13   4.48600e-13
       3216.88   4.60900e-13
       3219.63   4.61030e-13
       3222.37   4.51860e-13
       3225.12   4.35270e-13
       3227.87   4.33300e-13
       3230.62   4.33250e-13
       3233.36   4.35310e-13
       3236.11   4.52550e-13
       3238.86   4.61960e-13
       3241.60   4.66980e-13
       3244.35   4.62940e-13
       3247.10   4.58980e-13
       3249.84   4.63820e-13
       3252.59   4.77390e-13
       3255.34   4.93030e-13
       3258.09   4.91400e-13
       3260.83   4.91250e-13
       3263.58   4.89090e-13
       3266.33   4.91900e-13
       3269.08   4.86130e-13
       3271.82   4.80210e-13
       3274.57   4.71310e-13
       3277.32   4.76380e-13
       3280.06   4.87930e-13
       3282.81   4.86650e-13
       3285.56   4.87010e-13
       3288.31   5.01420e-13
       3291.05   5.08900e-13
       3293.80   5.10450e-13
       3296.55   5.10290e-13
       3299.30   5.04830e-13
       3302.04   4.96940e-13
       3304.79   4.94910e-13
       3307.54   5.04030e-13
       3310.29   5.04980e-13
       3313.03   4.98940e-13
       3315.78   4.97170e-13
       3318.53   4.89260e-13
       3321.28   4.87570e-13
       3324.02   4.91530e-13
       3326.77   4.91460e-13
       3329.52   4.95540e-13
       3332.27   4.90010e-13
       3335.01   4.86020e-13
       3337.76   4.82290e-13
       3340.51   4.90110e-13
       3343.26   4.90170e-13
       3346.00   4.72490e-13
       3348.75   4.86970e-13
       3351.50   4.98490e-13
       3354.25   4.97430e-13
       3356.99   4.78030e-13
       3359.74   4.79560e-13
       3362.49   4.93990e-13
       3365.24   4.83340e-13
       3367.98   4.70440e-13
       3370.73   4.79070e-13
       3373.48   4.97270e-13
       3376.23   4.79980e-13
       3378.98   4.77350e-13
       3381.72   4.91190e-13
       3384.47   4.97980e-13
       3387.22   4.95460e-13
       3389.97   4.84620e-13
       3392.71   4.95570e-13
       3395.46   5.15010e-13
       3398.21   5.09920e-13
       3400.96   4.93770e-13
       3403.71   4.87590e-13
       3406.45   4.89030e-13
       3409.20   4.90580e-13
       3411.95   4.89810e-13
       3414.70   5.01810e-13
       3417.45   5.07970e-13
       3420.19   4.99950e-13
       3422.94   5.01560e-13
       3425.69   5.10230e-13
       3428.44   5.16310e-13
       3431.18   5.12900e-13
       3433.93   5.08160e-13
       3436.68   4.88280e-13
       3439.43   4.74040e-13
       3442.18   4.82820e-13
       3444.92   5.02630e-13
       3447.67   5.04570e-13
       3450.42   5.01940e-13
       3453.17   5.09260e-13
       3455.92   5.02140e-13
       3458.66   4.99070e-13
       3461.41   5.06130e-13
       3464.16   5.08640e-13
       3466.91   5.13690e-13
       3469.66   5.03500e-13
       3472.41   4.88280e-13
       3475.15   4.98610e-13
       3477.90   5.13840e-13
       3480.65   5.12250e-13
       3483.40   5.12100e-13
       3486.15   4.99370e-13
       3488.89   4.91990e-13
       3491.64   4.94340e-13
       3494.39   4.95610e-13
       3497.14   5.06200e-13
       3499.89   5.09880e-13
       3502.63   5.06830e-13
       3505.38   5.05250e-13
       3508.13   4.98010e-13
       3510.88   4.95190e-13
       3513.63   5.04180e-13
       3516.38   5.06140e-13
       3519.12   4.96490e-13
       3521.87   4.87320e-13
       3524.62   4.87990e-13
       3527.37   5.06800e-13
       3530.12   5.12590e-13
       3532.86   5.17380e-13
       3535.61   5.20180e-13
       3538.36   5.19330e-13
       3541.11   5.26310e-13
       3543.86   5.30470e-13
       3546.61   5.30220e-13
       3549.35   5.27040e-13
       3552.10   5.20720e-13
       3554.85   5.16530e-13
       3557.60   5.22780e-13
       3560.35   5.18840e-13
       3563.10   5.00020e-13
       3565.84   4.91260e-13
       3568.59   4.81530e-13
       3571.34   4.89580e-13
       3574.09   4.98710e-13
       3576.84   4.98410e-13
       3579.59   4.88500e-13
       3582.34   4.74110e-13
       3585.08   4.71690e-13
       3587.83   4.95570e-13
       3590.58   5.12030e-13
       3593.33   5.16580e-13
       3596.08   5.22220e-13
       3598.83   5.16610e-13
       3601.57   5.02640e-13
       3604.32   5.01430e-13
       3607.07   4.98350e-13
       3609.82   5.03280e-13
       3612.57   5.06490e-13
       3615.32   5.00790e-13
       3618.06   5.03120e-13
       3620.81   5.15230e-13
       3623.56   5.24790e-13
       3626.31   5.16900e-13
       3629.06   4.98500e-13
       3631.81   5.07360e-13
       3634.56   5.17520e-13
       3637.30   5.18740e-13
       3640.05   5.09230e-13
       3642.80   5.08280e-13
       3645.55   5.09170e-13
       3648.30   5.16140e-13
       3651.05   5.28800e-13
       3653.80   5.36860e-13
       3656.54   5.38250e-13
       3659.29   5.38110e-13
       3662.04   5.36820e-13
       3664.79   5.34290e-13
       3667.54   5.31700e-13
       3670.29   5.36800e-13
       3673.04   5.27100e-13
       3675.78   5.16340e-13
       3678.53   5.16550e-13
       3681.28   5.13890e-13
       3684.03   5.10380e-13
       3686.78   5.23110e-13
       3689.53   5.35260e-13
       3692.28   5.37160e-13
       3695.02   5.39400e-13
       3697.77   5.43350e-13
       3700.52   5.22640e-13
       3703.27   5.05980e-13
       3706.02   5.18160e-13
       3708.77   5.18950e-13
       3711.52   5.42950e-13
       3714.26   5.66710e-13
       3717.01   5.27080e-13
       3719.76   5.00290e-13
       3722.51   5.46670e-13
       3725.26   5.72140e-13
       3728.01   5.51430e-13
       3730.76   4.93470e-13
       3733.51   4.85460e-13
       3736.25   5.54000e-13
       3739.00   5.88610e-13
       3741.75   5.65740e-13
       3744.50   5.15250e-13
       3747.25   4.77170e-13
       3750.00   5.31830e-13
       3752.75   5.92580e-13
       3755.49   6.04240e-13
       3758.24   6.05620e-13
       3760.99   6.08690e-13
       3763.74   5.74940e-13
       3766.49   5.14550e-13
       3769.24   5.11940e-13
       3771.99   5.81970e-13
       3774.74   6.42370e-13
       3777.48   6.75860e-13
       3780.23   6.86900e-13
       3782.98   6.70990e-13
       3785.73   6.52980e-13
       3788.48   6.34120e-13
       3791.23   5.79190e-13
       3793.98   5.04680e-13
       3796.73   5.07000e-13
       3799.47   5.95530e-13
       3802.22   6.47760e-13
       3804.97   6.67410e-13
       3807.72   6.88750e-13
       3810.47   6.77140e-13
       3813.22   6.71230e-13
       3815.97   6.78370e-13
       3818.72   6.65600e-13
       3821.46   6.50970e-13
       3824.21   6.19860e-13
       3826.96   5.81520e-13
       3829.71   5.17650e-13
       3832.46   4.65320e-13
       3835.21   4.94720e-13
       3837.96   5.76760e-13
       3840.70   6.43800e-13
       3843.45   6.79960e-13
       3846.20   7.01150e-13
       3848.95   7.13490e-13
       3851.70   7.19980e-13
       3854.45   7.11360e-13
       3857.20   7.12080e-13
       3859.95   7.27010e-13
       3862.69   7.33240e-13
       3865.44   7.36590e-13
       3868.19   7.19110e-13
       3870.94   6.98830e-13
       3873.69   6.91160e-13
       3876.44   6.66820e-13
       3879.19   6.54270e-13
       3881.94   5.96850e-13
       3884.68   5.09460e-13
       3887.43   4.98550e-13
       3890.18   5.74010e-13
       3892.93   6.30040e-13
       3895.68   6.51470e-13
       3898.43   6.68410e-13
       3901.18   6.79380e-13
       3903.93   6.91080e-13
       3906.67   7.20380e-13
       3909.42   7.29460e-13
       3912.17   7.21570e-13
       3914.92   7.11460e-13
       3917.67   7.08120e-13
       3920.42   7.00710e-13
       3923.17   6.71610e-13
       3925.92   5.85600e-13
       3928.66   4.37610e-13
       3931.41   3.60860e-13
       3934.16   4.91000e-13
       3936.91   6.25520e-13
       3939.66   6.77850e-13
       3942.41   6.93270e-13
       3945.16   7.02690e-13
       3947.91   6.99010e-13
       3950.65   6.99700e-13
       3953.40   6.87040e-13
       3956.15   6.69380e-13
       3958.90   6.28650e-13
       3961.65   5.40380e-13
       3964.40   4.00570e-13
       3967.15   3.62390e-13
       3969.89   4.84180e-13
       3972.64   5.93820e-13
       3975.39   6.54340e-13
       3978.14   6.83670e-13
       3980.89   7.02240e-13
       3983.64   7.18320e-13
       3986.39   7.31120e-13
       3989.14   7.40550e-13
       3991.88   7.41910e-13
       3994.63   7.39740e-13
       3997.38   7.46390e-13
       4000.13   7.49700e-13
       4002.88   7.41970e-13
       4005.63   7.50680e-13
       4008.38   7.56460e-13
       4011.12   7.56710e-13
       4013.87   7.64860e-13
       4016.62   7.66350e-13
       4019.37   7.63150e-13
       4022.12   7.59760e-13
       4024.87   7.57900e-13
       4027.62   7.42450e-13
       4030.36   7.41060e-13
       4033.11   7.54410e-13
       4035.86   7.66660e-13
       4038.61   7.61940e-13
       4041.36   7.50580e-13
       4044.11   7.46140e-13
       4046.86   7.61020e-13
       4049.60   7.63070e-13
       4052.35   7.54380e-13
       4055.10   7.50680e-13
       4057.85   7.50780e-13
       4060.60   7.39050e-13
       4063.35   7.39500e-13
       4066.10   7.41610e-13
       4068.84   7.38800e-13
       4071.59   7.36100e-13
       4074.34   7.26720e-13
       4077.09   7.32080e-13
       4079.84   7.37990e-13
       4082.59   7.32510e-13
       4085.34   7.28810e-13
       4088.08   7.16460e-13
       4090.83   6.88980e-13
       4093.58   6.44560e-13
       4096.33   5.69970e-13
       4099.08   5.14310e-13
       4101.83   5.78120e-13
       4104.58   6.44850e-13
       4107.32   6.82510e-13
       4110.07   7.09040e-13
       4112.82   7.23550e-13
       4115.57   7.28500e-13
       4118.32   7.32310e-13
       4121.07   7.41990e-13
       4123.81   7.45590e-13
       4126.56   7.42520e-13
       4129.31   7.38600e-13
       4132.06   7.47370e-13
       4134.81   7.56940e-13
       4137.56   7.59950e-13
       4140.31   7.50410e-13
       4143.05   7.53700e-13
       4145.80   7.55870e-13
       4148.55   7.55850e-13
       4151.30   7.48500e-13
       4154.05   7.49680e-13
       4156.80   7.53450e-13
       4159.54   7.59610e-13
       4162.29   7.57240e-13
       4165.04   7.53720e-13
       4167.79   7.48040e-13
       4170.54   7.37840e-13
       4173.29   7.37310e-13
       4176.03   7.43870e-13
       4178.78   7.44670e-13
       4181.53   7.43860e-13
       4184.28   7.39420e-13
       4187.03   7.46750e-13
       4189.78   7.50730e-13
       4192.52   7.48280e-13
       4195.27   7.35270e-13
       4198.02   7.35000e-13
       4200.77   7.36800e-13
       4203.52   7.47140e-13
       4206.26   7.48950e-13
       4209.01   7.47670e-13
       4211.76   7.39540e-13
       4214.51   7.35180e-13
       4217.26   7.41790e-13
       4220.01   7.31200e-13
       4222.75   7.11460e-13
       4225.50   7.17300e-13
       4228.25   7.36510e-13
       4231.00   7.31420e-13
       4233.75   7.32210e-13
       4236.49   7.40970e-13
       4239.24   7.46070e-13
       4241.99   7.41570e-13
       4244.74   7.27880e-13
       4247.49   7.27440e-13
       4250.24   7.35030e-13
       4252.98   7.40400e-13
       4255.73   7.38170e-13
       4258.48   7.39750e-13
       4261.23   7.48580e-13
       4263.98   7.44410e-13
       4266.72   7.32250e-13
       4269.47   7.20900e-13
       4272.22   7.30660e-13
       4274.97   7.39560e-13
       4277.72   7.35230e-13
       4280.46   7.26890e-13
       4283.21   7.22420e-13
       4285.96   7.09230e-13
       4288.71   7.07670e-13
       4291.46   7.11490e-13
       4294.20   7.02490e-13
       4296.95   6.81790e-13
       4299.70   6.77800e-13
       4302.45   6.87100e-13
       4305.19   6.83180e-13
       4307.94   6.90640e-13
       4310.69   6.96480e-13
       4313.44   7.07920e-13
       4316.19   7.13020e-13
       4318.93   7.06210e-13
       4321.68   6.93770e-13
       4324.43   6.86730e-13
       4327.18   6.87150e-13
       4329.93   6.68570e-13
       4332.67   6.19370e-13
       4335.42   5.44610e-13
       4338.17   5.08290e-13
       4340.92   5.79890e-13
       4343.66   6.42920e-13
       4346.41   6.72950e-13
       4349.16   6.83620e-13
       4351.91   7.03320e-13
       4354.66   7.19810e-13
       4357.40   7.26490e-13
       4360.15   7.34240e-13
       4362.90   7.35800e-13
       4365.65   7.29310e-13
       4368.39   7.28920e-13
       4371.14   7.23920e-13
       4373.89   7.26570e-13
       4376.64   7.32080e-13
       4379.38   7.22190e-13
       4382.13   7.16960e-13
       4384.88   7.28360e-13
       4387.63   7.31220e-13
       4390.37   7.29830e-13
       4393.12   7.26950e-13
       4395.87   7.25370e-13
       4398.62   7.20790e-13
       4401.36   7.23150e-13
       4404.11   7.27380e-13
       4406.86   7.35410e-13
       4409.61   7.34070e-13
       4412.35   7.23050e-13
       4415.10   7.22560e-13
       4417.85   7.30260e-13
       4420.60   7.29970e-13
       4423.34   7.28220e-13
       4426.09   7.30970e-13
       4428.84   7.31780e-13
       4431.59   7.24530e-13
       4434.33   7.29210e-13
       4437.08   7.30510e-13
       4439.83   7.20220e-13
       4442.57   7.22570e-13
       4445.32   7.28390e-13
       4448.07   7.25310e-13
       4450.82   7.17360e-13
       4453.56   7.16560e-13
       4456.31   7.19710e-13
       4459.06   7.22390e-13
       4461.81   7.24050e-13
       4464.55   7.18030e-13
       4467.30   7.22940e-13
       4470.05   7.31100e-13
       4472.79   7.29850e-13
       4475.54   7.30590e-13
       4478.29   7.22220e-13
       4481.04   7.25570e-13
       4483.78   7.32600e-13
       4486.53   7.32170e-13
       4489.28   7.30380e-13
       4492.02   7.28960e-13
       4494.77   7.29940e-13
       4497.52   7.29000e-13
       4500.26   7.32350e-13
       4503.01   7.35910e-13
       4505.76   7.33450e-13
       4508.51   7.33730e-13
       4511.25   7.34410e-13
       4514.00   7.31510e-13
       4516.75   7.28200e-13
       4519.49   7.22170e-13
       4522.24   7.18970e-13
       4524.99   7.12180e-13
       4527.73   7.07370e-13
       4530.48   7.04430e-13
       4533.23   7.12660e-13
       4535.97   7.24320e-13
       4538.72   7.26110e-13
       4541.47   7.23900e-13
       4544.21   7.16010e-13
       4546.96   7.09020e-13
       4549.71   7.10260e-13
       4552.45   7.10250e-13
       4555.20   7.19910e-13
       4557.95   7.22480e-13
       4560.69   7.20450e-13
       4563.44   7.21120e-13
       4566.19   7.22710e-13
       4568.93   7.16330e-13
       4571.68   7.21240e-13
       4574.43   7.22390e-13
       4577.17   7.19550e-13
       4579.92   7.15540e-13
       4582.67   7.14050e-13
       4585.41   7.16500e-13
       4588.16   7.16590e-13
       4590.91   7.20940e-13
       4593.65   7.22390e-13
       4596.40   7.22820e-13
       4599.15   7.20640e-13
       4601.89   7.21650e-13
       4604.64   7.22340e-13
       4607.38   7.20270e-13
       4610.13   7.18620e-13
       4612.88   7.19890e-13
       4615.62   7.21440e-13
       4618.37   7.20260e-13
       4621.12   7.20010e-13
       4623.86   7.21170e-13
       4626.61   7.20120e-13
       4629.35   7.20440e-13
       4632.10   7.18390e-13
       4634.85   7.17830e-13
       4637.59   7.17980e-13
       4640.34   7.19010e-13
       4643.09   7.11850e-13
       4645.83   7.13620e-13
       4648.58   7.14890e-13
       4651.32   7.10480e-13
       4654.07   7.12870e-13
       4656.82   7.16030e-13
       4659.56   7.16600e-13
       4662.31   7.12760e-13
       4665.05   7.11530e-13
       4667.80   7.12100e-13
       4670.55   7.14770e-13
       4673.29   7.13700e-13
       4676.04   7.11650e-13
       4678.78   7.10020e-13
       4681.53   7.13520e-13
       4684.28   7.12760e-13
       4687.02   7.11490e-13
       4689.77   7.11530e-13
       4692.51   7.10830e-13
       4695.26   7.10140e-13
       4698.00   7.03620e-13
       4700.75   6.99830e-13
       4703.50   7.03360e-13
       4706.24   7.05260e-13
       4708.99   7.07270e-13
       4711.73   7.05780e-13
       4714.48   7.04910e-13
       4717.22   7.05360e-13
       4719.97   7.09090e-13
       4722.72   7.05180e-13
       4725.46   7.03310e-13
       4728.21   7.02520e-13
       4730.95   7.01530e-13
       4733.70   7.02020e-13
       4736.44   7.01790e-13
       4739.19   7.03190e-13
       4741.93   7.03030e-13
       4744.68   7.04690e-13
       4747.42   7.03400e-13
       4750.17   7.01880e-13
       4752.92   7.00240e-13
       4755.66   6.98810e-13
       4758.41   6.97590e-13
       4761.15   6.97000e-13
       4763.90   6.98120e-13
       4766.64   6.98640e-13
       4769.39   6.99670e-13
       4772.13   6.99700e-13
       4774.88   6.99110e-13
       4777.62   6.94580e-13
       4780.37   6.94000e-13
       4783.11   6.95330e-13
       4785.86   6.94360e-13
       4788.60   6.92910e-13
       4791.35   6.95920e-13
       4794.09   6.95290e-13
       4796.84   6.94440e-13
       4799.58   6.95500e-13
       4802.33   6.89990e-13
       4805.07   6.91750e-13
       4807.82   6.92460e-13
       4810.56   6.92150e-13
       4813.31   6.90800e-13
       4816.05   6.90600e-13
       4818.80   6.87470e-13
       4821.54   6.86970e-13
       4824.29   6.89780e-13
       4827.03   6.84910e-13
       4829.78   6.85790e-13
       4832.52   6.81800e-13
       4835.27   6.74770e-13
       4838.01   6.75300e-13
       4840.75   6.73590e-13
       4843.50   6.66020e-13
       4846.24   6.55030e-13
       4848.99   6.39310e-13
       4851.73   6.09890e-13
       4854.48   5.56580e-13
       4857.22   4.89770e-13
       4859.97   5.13970e-13
       4862.71   5.78760e-13
       4865.46   6.12790e-13
       4868.20   6.27880e-13
       4870.94   6.46160e-13
       4873.69   6.52110e-13
       4876.43   6.62410e-13
       4879.18   6.68500e-13
       4881.92   6.70550e-13
       4884.67   6.68220e-13
       4887.41   6.63480e-13
       4890.15   6.70550e-13
       4892.90   6.79350e-13
       4895.64   6.81200e-13
       4898.39   6.79530e-13
       4901.13   6.79980e-13
       4903.88   6.81330e-13
       4906.62   6.79430e-13
       4909.36   6.77760e-13
       4912.11   6.75150e-13
       4914.85   6.69090e-13
       4917.60   6.63860e-13
       4920.34   6.66740e-13
       4923.08   6.75490e-13
       4925.83   6.77910e-13
       4928.57   6.74970e-13
       4931.31   6.70500e-13
       4934.06   6.73620e-13
       4936.80   6.74730e-13
       4939.55   6.79660e-13
       4942.29   6.79150e-13
       4945.03   6.79320e-13
       4947.78   6.81180e-13
       4950.52   6.75380e-13
       4953.26   6.62840e-13
       4956.01   6.66600e-13
       4958.75   6.73850e-13
       4961.50   6.73330e-13
       4964.24   6.75310e-13
       4966.98   6.77130e-13
       4969.73   6.74440e-13
       4972.47   6.72520e-13
       4975.21   6.70140e-13
       4977.96   6.62600e-13
       4980.70   6.60570e-13
       4983.44   6.67200e-13
       4986.19   6.68500e-13
       4988.93   6.64530e-13
       4991.67   6.65580e-13
       4994.42   6.68450e-13
       4997.16   6.63420e-13
       4999.90   6.61810e-13
       5002.65   6.55680e-13
       5005.39   6.57800e-13
       5008.13   6.57260e-13
       5010.88   6.53440e-13
       5013.62   6.51530e-13
       5016.36   6.55890e-13
       5019.10   6.62580e-13
       5021.85   6.65150e-13
       5024.59   6.62890e-13
       5027.33   6.65420e-13
       5030.08   6.65140e-13
       5032.82   6.60980e-13
       5035.56   6.56130e-13
       5038.30   6.52240e-13
       5041.05   6.57290e-13
       5043.79   6.62190e-13
       5046.53   6.57600e-13
       5049.28   6.60030e-13
       5052.02   6.63420e-13
       5054.76   6.64090e-13
       5057.50   6.58850e-13
       5060.25   6.57340e-13
       5062.99   6.55980e-13
       5065.73   6.57810e-13
       5068.47   6.60670e-13
       5071.22   6.58600e-13
       5073.96   6.56080e-13
       5076.70   6.52490e-13
       5079.44   6.53660e-13
       5082.19   6.56720e-13
       5084.93   6.58080e-13
       5087.67   6.59180e-13
       5090.41   6.58780e-13
       5093.16   6.55040e-13
       5095.90   6.53290e-13
       5098.64   6.53630e-13
       5101.38   6.52870e-13
       5104.12   6.49590e-13
       5106.87   6.50480e-13
       5109.61   6.52470e-13
       5112.35   6.55890e-13
       5115.09   6.55410e-13
       5117.83   6.52520e-13
       5120.58   6.48290e-13
       5123.32   6.46130e-13
       5126.06   6.46020e-13
       5128.80   6.48330e-13
       5131.54   6.45340e-13
       5134.29   6.40800e-13
       5137.03   6.38860e-13
       5139.77   6.41860e-13
       5142.51   6.43640e-13
       5145.25   6.43400e-13
       5147.99   6.45750e-13
       5150.74   6.45760e-13
       5153.48   6.46140e-13
       5156.22   6.44960e-13
       5158.96   6.37650e-13
       5161.70   6.22970e-13
       5164.44   6.00490e-13
       5167.19   6.05710e-13
       5169.93   6.13250e-13
       5172.67   6.31260e-13
       5175.41   6.34230e-13
       5178.15   6.21410e-13
       5180.89   6.13180e-13
       5183.63   6.25630e-13
       5186.37   6.27620e-13
       5189.12   6.28540e-13
       5191.86   6.33070e-13
       5194.60   6.36340e-13
       5197.34   6.36800e-13
       5200.08   6.29760e-13
       5202.82   6.26390e-13
       5205.56   6.29400e-13
       5208.30   6.35300e-13
       5211.04   6.39340e-13
       5213.79   6.40110e-13
       5216.53   6.41670e-13
       5219.27   6.39650e-13
       5222.01   6.28370e-13
       5224.75   6.26170e-13
       5227.49   6.31450e-13
       5230.23   6.31110e-13
       5232.97   6.36950e-13
       5235.71   6.42460e-13
       5238.45   6.41480e-13
       5241.19   6.41830e-13
       5243.93   6.38490e-13
       5246.67   6.36840e-13
       5249.42   6.38310e-13
       5252.16   6.39230e-13
       5254.90   6.35970e-13
       5257.64   6.29090e-13
       5260.38   6.20120e-13
       5263.12   6.13190e-13
       5265.86   6.08000e-13
       5268.60   6.18770e-13
       5271.34   6.24760e-13
       5274.08   6.30480e-13
       5276.82   6.29380e-13
       5279.56   6.28960e-13
       5282.30   6.31820e-13
       5285.04   6.35660e-13
       5287.78   6.35560e-13
       5290.52   6.34260e-13
       5293.26   6.29870e-13
       5296.00   6.32140e-13
       5298.74   6.31060e-13
       5301.48   6.32600e-13
       5304.22   6.32720e-13
       5306.96   6.31780e-13
       5309.70   6.28170e-13
       5312.44   6.24750e-13
       5315.18   6.27630e-13
       5317.92   6.26070e-13
       5320.66   6.17930e-13
       5323.40   6.09860e-13
       5326.14   6.14030e-13
       5328.88   6.23080e-13
       5331.62   6.24500e-13
       5334.35   6.20660e-13
       5337.09   6.18050e-13
       5339.83   6.21720e-13
       5342.57   6.22200e-13
       5345.31   6.21580e-13
       5348.05   6.24350e-13
       5350.79   6.27310e-13
       5353.53   6.25020e-13
       5356.27   6.24250e-13
       5359.01   6.20980e-13
       5361.75   6.17000e-13
       5364.49   6.14480e-13
       5367.23   6.14670e-13
       5369.97   6.17020e-13
       5372.70   6.18540e-13
       5375.44   6.20030e-13
       5378.18   6.18240e-13
       5380.92   6.17950e-13
       5383.66   6.18300e-13
       5386.40   6.16430e-13
       5389.14   6.14160e-13
       5391.88   6.11610e-13
       5394.62   6.09490e-13
       5397.35   6.09540e-13
       5400.09   6.05440e-13
       5402.83   6.06620e-13
       5405.57   6.10240e-13
       5408.31   6.12810e-13
       5411.05   6.12280e-13
       5413.79   6.14340e-13
       5416.52   6.15530e-13
       5419.26   6.12580e-13
       5422.00   6.11040e-13
       5424.74   6.07030e-13
       5427.48   6.08480e-13
       5430.22   6.08350e-13
       5432.95   6.11400e-13
       5435.69   6.12150e-13
       5438.43   6.11390e-13
       5441.17   6.06310e-13
       5443.91   6.07210e-13
       5446.64   6.09930e-13
       5449.38   6.06790e-13
       5454.36   6.03070e-13
       5459.23   6.06420e-13
       5464.10   6.07880e-13
       5468.97   6.06930e-13
       5473.84   6.06590e-13
       5478.71   6.08350e-13
       5483.58   6.08230e-13
       5488.46   6.09160e-13
       5493.33   6.07130e-13
       5498.20   6.05980e-13
       5503.07   6.02610e-13
       5507.94   6.03220e-13
       5512.81   6.02950e-13
       5517.68   6.05090e-13
       5522.56   6.03130e-13
       5527.43   6.01900e-13
       5532.30   6.02310e-13
       5537.17   6.02080e-13
       5542.04   6.01200e-13
       5546.91   6.02940e-13
       5551.79   6.01530e-13
       5556.66   5.99340e-13
       5561.53   5.98220e-13
       5566.40   5.92610e-13
       5571.27   5.94720e-13
       5576.15   5.94610e-13
       5581.02   5.91100e-13
       5585.89   5.87480e-13
       5590.76   5.86180e-13
       5595.64   5.84880e-13
       5600.51   5.86960e-13
       5605.38   5.88610e-13
       5610.25   5.87680e-13
       5615.13   5.87610e-13
       5620.00   5.89310e-13
       5624.87   5.93370e-13
       5629.74   5.92830e-13
       5634.62   5.87560e-13
       5639.49   5.90370e-13
       5644.36   5.87730e-13
       5649.24   5.87550e-13
       5654.11   5.84950e-13
       5658.98   5.85330e-13
       5663.85   5.84690e-13
       5668.73   5.84550e-13
       5673.60   5.85570e-13
       5678.47   5.85540e-13
       5683.35   5.84830e-13
       5688.22   5.83500e-13
       5693.09   5.82150e-13
       5697.97   5.82130e-13
       5702.84   5.81000e-13
       5707.71   5.77900e-13
       5712.59   5.77640e-13
       5717.46   5.81010e-13
       5722.34   5.78340e-13
       5727.21   5.77260e-13
       5732.08   5.76690e-13
       5736.96   5.76530e-13
       5741.83   5.77720e-13
       5746.70   5.78280e-13
       5751.58   5.75670e-13
       5756.45   5.74720e-13
       5761.33   5.72860e-13
       5766.20   5.74000e-13
       5771.07   5.74030e-13
       5775.95   5.74560e-13
       5780.82   5.72100e-13
       5785.70   5.71230e-13
       5790.57   5.71350e-13
       5795.45   5.71020e-13
       5800.32   5.70100e-13
       5805.20   5.68780e-13
       5810.07   5.68850e-13
       5814.94   5.70040e-13
       5819.82   5.68340e-13
       5824.69   5.65290e-13
       5829.57   5.64330e-13
       5834.44   5.63880e-13
       5839.32   5.65520e-13
       5844.19   5.64470e-13
       5849.07   5.62720e-13
       5853.94   5.62570e-13
       5858.82   5.61250e-13
       5863.69   5.58540e-13
       5868.57   5.61590e-13
       5873.44   5.61410e-13
       5878.32   5.58650e-13
       5883.19   5.51990e-13
       5888.07   5.44370e-13
       5892.94   5.45010e-13
       5897.82   5.50400e-13
       5902.70   5.54950e-13
       5907.57   5.56290e-13
       5912.45   5.57520e-13
       5917.32   5.56510e-13
       5922.20   5.56490e-13
       5927.07   5.54130e-13
       5931.95   5.53510e-13
       5936.83   5.52910e-13
       5941.70   5.53330e-13
       5946.58   5.50620e-13
       5951.45   5.52490e-13
       5956.33   5.52620e-13
       5961.20   5.52070e-13
       5966.08   5.51750e-13
       5970.96   5.49180e-13
       5975.83   5.49950e-13
       5980.71   5.48780e-13
       5985.59   5.46800e-13
       5990.46   5.47570e-13
       5995.34   5.45200e-13
       6000.21   5.45260e-13
       6005.09   5.42010e-13
       6009.97   5.42500e-13
       6014.84   5.42940e-13
       6019.72   5.42370e-13
       6024.60   5.41040e-13
       6029.47   5.41930e-13
       6034.35   5.42540e-13
       6039.23   5.40190e-13
       6044.10   5.41210e-13
       6048.98   5.38610e-13
       6053.86   5.38550e-13
       6058.73   5.37040e-13
       6063.61   5.36450e-13
       6068.49   5.35340e-13
       6073.36   5.34780e-13
       6078.24   5.36090e-13
       6083.12   5.35960e-13
       6088.00   5.32340e-13
       6092.87   5.29540e-13
       6097.75   5.30370e-13
       6102.63   5.30340e-13
       6107.50   5.31790e-13
       6112.38   5.28130e-13
       6117.26   5.25580e-13
       6122.14   5.25400e-13
       6127.01   5.28070e-13
       6131.89   5.25000e-13
       6136.77   5.28370e-13
       6141.65   5.26960e-13
       6146.52   5.27550e-13
       6151.40   5.24730e-13
       6156.28   5.21330e-13
       6161.16   5.21380e-13
       6166.04   5.22390e-13
       6170.91   5.23020e-13
       6175.79   5.25080e-13
       6180.67   5.23660e-13
       6185.55   5.20850e-13
       6190.42   5.20930e-13
       6195.30   5.21830e-13
       6200.18   5.23030e-13
       6205.06   5.23360e-13
       6209.94   5.20000e-13
       6214.81   5.17940e-13
       6219.69   5.16230e-13
       6224.57   5.15790e-13
       6229.45   5.17470e-13
       6234.33   5.18820e-13
       6239.21   5.14900e-13
       6244.08   5.11390e-13
       6248.96   5.12240e-13
       6253.84   5.12240e-13
       6258.72   5.14620e-13
       6263.60   5.11830e-13
       6268.48   5.11320e-13
       6273.36   5.16280e-13
       6278.23   5.12780e-13
       6283.11   5.12040e-13
       6287.99   5.12090e-13
       6292.87   5.13380e-13
       6297.75   5.12480e-13
       6302.63   5.08490e-13
       6307.51   5.04120e-13
       6312.39   5.04310e-13
       6317.26   5.01830e-13
       6322.14   4.99530e-13
       6327.02   4.98020e-13
       6331.90   4.98430e-13
       6336.78   4.95690e-13
       6341.66   4.99840e-13
       6346.54   5.03380e-13
       6351.42   5.02600e-13
       6356.30   5.02110e-13
       6361.18   5.00380e-13
       6366.06   4.98430e-13
       6370.93   4.98620e-13
       6375.81   4.99380e-13
       6380.69   4.98600e-13
       6385.57   4.99080e-13
       6390.45   4.97940e-13
       6395.33   4.95990e-13
       6400.21   4.94310e-13
       6405.09   4.94030e-13
       6409.97   4.93360e-13
       6414.85   4.94580e-13
       6419.73   4.94100e-13
       6424.61   4.94160e-13
       6429.49   4.92050e-13
       6434.37   4.91200e-13
       6439.25   4.91160e-13
       6444.13   4.89430e-13
       6449.01   4.87360e-13
       6453.89   4.89710e-13
       6458.77   4.88250e-13
       6463.65   4.88290e-13
       6468.53   4.90190e-13
       6473.41   4.89570e-13
       6478.29   4.87270e-13
       6483.17   4.86290e-13
       6488.05   4.85820e-13
       6492.93   4.83030e-13
       6497.81   4.85820e-13
       6502.69   4.86630e-13
       6507.57   4.85450e-13
       6512.45   4.84560e-13
       6517.33   4.83760e-13
       6522.21   4.81530e-13
       6527.09   4.79860e-13
       6531.97   4.79650e-13
       6536.85   4.76520e-13
       6541.73   4.68520e-13
       6546.61   4.54040e-13
       6551.49   4.32700e-13
       6556.37   4.00090e-13
       6561.25   3.94270e-13
       6566.13   4.24930e-13
       6571.02   4.51710e-13
       6575.90   4.65190e-13
       6580.78   4.69230e-13
       6585.66   4.72580e-13
       6590.54   4.75530e-13
       6595.42   4.74600e-13
       6600.30   4.76040e-13
       6605.18   4.76550e-13
       6610.06   4.77090e-13
       6614.94   4.74570e-13
       6619.82   4.75140e-13
       6624.70   4.74440e-13
       6629.58   4.74180e-13
       6634.47   4.72250e-13
       6639.35   4.70670e-13
       6644.23   4.71680e-13
       6649.11   4.70740e-13
       6653.99   4.70130e-13
       6658.87   4.70070e-13
       6663.75   4.70360e-13
       6668.63   4.68720e-13
       6673.52   4.67620e-13
       6678.40   4.66460e-13
       6683.28   4.68080e-13
       6688.16   4.67100e-13
       6693.04   4.66150e-13
       6697.92   4.66250e-13
       6702.80   4.63840e-13
       6707.68   4.62390e-13
       6712.57   4.62170e-13
       6717.45   4.63900e-13
       6722.33   4.61730e-13
       6727.21   4.60540e-13
       6732.09   4.61540e-13
       6736.97   4.61380e-13
       6741.86   4.61400e-13
       6746.74   4.60660e-13
       6751.62   4.58620e-13
       6756.50   4.58430e-13
       6761.38   4.58960e-13
       6766.26   4.58220e-13
       6771.15   4.55870e-13
       6776.03   4.57340e-13
       6780.91   4.55340e-13
       6785.79   4.54320e-13
       6790.67   4.53880e-13
       6795.56   4.53420e-13
       6800.44   4.54290e-13
       6805.32   4.53210e-13
       6810.20   4.51640e-13
       6815.08   4.52340e-13
       6819.96   4.51360e-13
       6824.85   4.51080e-13
       6829.73   4.52400e-13
       6834.61   4.50710e-13
       6839.49   4.49200e-13
       6844.38   4.49060e-13
       6849.26   4.47080e-13
       6854.14   4.46100e-13
       6859.02   4.45930e-13
       6863.90   4.45240e-13
       6868.79   4.47010e-13
       6873.67   4.46770e-13
       6878.55   4.46620e-13
       6883.43   4.44990e-13
       6888.32   4.44050e-13
       6893.20   4.44390e-13
       6898.08   4.43340e-13
       6902.96   4.42620e-13
       6907.85   4.42970e-13
       6912.73   4.41470e-13
       6917.61   4.41650e-13
       6922.49   4.40820e-13
       6927.38   4.40680e-13
       6932.26   4.41540e-13
       6937.14   4.38520e-13
       6942.02   4.38680e-13
       6946.91   4.38070e-13
       6951.79   4.36250e-13
       6956.67   4.37410e-13
       6961.55   4.37160e-13
       6966.44   4.38420e-13
       6971.32   4.35200e-13
       6976.20   4.34150e-13
       6981.08   4.35480e-13
       6985.97   4.34380e-13
       6990.85   4.33150e-13
       6995.73   4.32040e-13
       7000.62   4.31300e-13
       7005.50   4.30310e-13
       7010.38   4.31730e-13
       7015.26   4.31840e-13
       7020.15   4.31460e-13
       7025.03   4.30590e-13
       7029.91   4.30730e-13
       7034.80   4.29760e-13
       7039.68   4.29020e-13
       7044.56   4.30130e-13
       7049.45   4.28620e-13
       7054.33   4.27680e-13
       7059.21   4.26850e-13
       7064.09   4.26540e-13
       7068.98   4.26300e-13
       7073.86   4.24980e-13
       7078.74   4.24100e-13
       7083.63   4.23860e-13
       7088.51   4.22310e-13
       7093.39   4.22910e-13
       7098.28   4.22380e-13
       7103.16   4.22560e-13
       7108.04   4.22470e-13
       7112.93   4.22290e-13
       7117.81   4.21300e-13
       7122.69   4.20380e-13
       7127.58   4.20320e-13
       7132.46   4.19270e-13
       7137.34   4.17850e-13
       7142.23   4.16570e-13
       7147.11   4.16450e-13
       7151.99   4.18250e-13
       7156.88   4.16080e-13
       7161.76   4.16700e-13
       7166.64   4.16310e-13
       7171.53   4.15780e-13
       7176.41   4.15090e-13
       7181.29   4.13680e-13
       7186.18   4.13570e-13
       7191.06   4.13380e-13
       7195.95   4.11990e-13
       7200.83   4.11880e-13
       7205.71   4.12870e-13
       7210.60   4.13720e-13
       7215.48   4.13370e-13
       7220.36   4.12440e-13
       7225.25   4.12300e-13
       7230.13   4.12640e-13
       7235.01   4.11730e-13
       7239.90   4.10270e-13
       7244.78   4.08430e-13
       7249.67   4.07740e-13
       7254.55   4.08360e-13
       7259.43   4.08780e-13
       7264.32   4.08590e-13
       7269.20   4.08790e-13
       7274.08   4.06970e-13
       7278.97   4.05520e-13
       7283.85   4.06350e-13
       7288.74   4.03790e-13
       7293.62   4.05400e-13
       7298.50   4.02880e-13
       7303.39   4.02370e-13
       7308.27   4.02620e-13
       7313.16   4.01220e-13
       7318.04   4.01500e-13
       7322.92   4.01230e-13
       7327.81   4.00370e-13
       7332.69   4.01500e-13
       7337.57   4.00170e-13
       7342.46   4.00580e-13
       7347.34   3.99710e-13
       7352.23   3.98120e-13
       7357.11   3.96980e-13
       7361.99   3.98470e-13
       7366.88   3.98340e-13
       7371.76   3.97900e-13
       7376.65   3.97190e-13
       7381.53   3.97140e-13
       7386.42   3.94890e-13
       7391.30   3.93100e-13
       7396.18   3.93360e-13
       7401.07   3.93540e-13
       7405.95   3.91850e-13
       7410.84   3.91900e-13
       7415.72   3.91120e-13
       7420.60   3.91430e-13
       7425.49   3.91720e-13
       7430.37   3.89480e-13
       7435.26   3.89470e-13
       7440.14   3.89880e-13
       7445.02   3.89830e-13
       7449.91   3.90140e-13
       7454.79   3.89900e-13
       7459.68   3.88220e-13
       7464.56   3.89160e-13
       7469.45   3.87160e-13
       7474.33   3.87410e-13
       7479.21   3.87150e-13
       7484.10   3.86410e-13
       7488.98   3.84640e-13
       7493.87   3.83660e-13
       7498.75   3.83030e-13
       7503.64   3.82750e-13
       7508.52   3.83470e-13
       7513.40   3.83450e-13
       7518.29   3.83450e-13
       7523.17   3.82640e-13
       7528.06   3.81650e-13
       7532.94   3.81480e-13
       7537.83   3.81450e-13
       7542.71   3.81520e-13
       7547.60   3.79640e-13
       7552.48   3.78710e-13
       7557.36   3.79580e-13
       7562.25   3.80410e-13
       7567.13   3.80380e-13
       7572.02   3.77170e-13
       7576.90   3.77570e-13
       7581.79   3.78330e-13
       7586.67   3.77750e-13
       7591.55   3.76420e-13
       7596.44   3.75630e-13
       7601.32   3.76320e-13
       7606.21   3.74480e-13
       7611.09   3.74280e-13
       7615.98   3.74520e-13
       7620.86   3.74000e-13
       7625.75   3.72890e-13
       7630.63   3.73640e-13
       7635.52   3.73020e-13
       7640.40   3.72700e-13
       7645.28   3.71920e-13
       7650.17   3.70760e-13
       7655.05   3.68430e-13
       7659.94   3.68280e-13
       7664.82   3.69470e-13
       7669.71   3.70700e-13
       7674.59   3.70950e-13
       7679.48   3.69320e-13
       7684.36   3.67220e-13
       7689.25   3.67510e-13
       7694.13   3.66160e-13
       7699.01   3.67430e-13
       7703.90   3.66730e-13
       7708.78   3.66080e-13
       7713.67   3.65420e-13
       7718.55   3.66400e-13
       7723.44   3.66420e-13
       7728.32   3.66540e-13
       7733.21   3.66060e-13
       7738.09   3.63730e-13
       7742.98   3.64090e-13
       7747.86   3.61860e-13
       7752.74   3.61160e-13
       7757.63   3.63440e-13
       7762.51   3.65500e-13
       7767.40   3.61500e-13
       7772.28   3.60510e-13
       7777.17   3.61520e-13
       7782.05   3.60200e-13
       7786.94   3.60510e-13
       7791.82   3.60320e-13
       7796.71   3.60490e-13
       7801.59   3.61220e-13
       7806.48   3.61010e-13
       7811.36   3.59460e-13
       7816.24   3.59030e-13
       7821.13   3.59660e-13
       7826.01   3.58720e-13
       7830.90   3.57610e-13
       7835.78   3.56080e-13
       7840.67   3.56780e-13
       7845.55   3.54340e-13
       7850.44   3.52970e-13
       7855.32   3.56320e-13
       7860.21   3.55840e-13
       7865.09   3.56090e-13
       7869.98   3.57650e-13
       7874.86   3.53740e-13
       7879.74   3.53380e-13
       7884.63   3.52870e-13
       7889.51   3.52950e-13
       7894.40   3.53790e-13
       7899.28   3.54250e-13
       7904.17   3.53670e-13
       7909.05   3.51830e-13
       7913.94   3.50800e-13
       7918.82   3.51090e-13
       7923.71   3.51750e-13
       7928.59   3.51090e-13
       7933.47   3.50920e-13
       7938.36   3.50860e-13
       7943.24   3.50340e-13
       7948.13   3.51330e-13
       7953.01   3.51560e-13
       7957.90   3.48040e-13
       7962.78   3.46770e-13
       7967.67   3.46260e-13
       7972.55   3.45480e-13
       7977.44   3.46740e-13
       7982.32   3.48020e-13
       7987.21   3.46930e-13
       7992.09   3.44960e-13
       7996.97   3.44560e-13
       8001.86   3.42980e-13
       8006.74   3.42570e-13
       8011.63   3.43510e-13
       8016.51   3.43190e-13
       8021.40   3.43590e-13
       8026.28   3.42490e-13
       8031.17   3.42300e-13
       8036.05   3.40630e-13
       8040.94   3.39380e-13
       8045.82   3.38370e-13
       8050.70   3.38080e-13
       8055.59   3.39230e-13
       8060.47   3.38610e-13
       8065.36   3.39270e-13
       8070.24   3.37760e-13
       8075.13   3.37580e-13
       8080.01   3.35870e-13
       8084.90   3.36050e-13
       8089.78   3.36130e-13
       8094.67   3.35960e-13
       8099.55   3.35530e-13
       8104.43   3.34950e-13
       8109.32   3.34490e-13
       8114.20   3.34670e-13
       8119.09   3.34210e-13
       8123.97   3.34780e-13
       8128.86   3.35240e-13
       8133.74   3.34820e-13
       8138.62   3.32350e-13
       8143.51   3.31620e-13
       8148.39   3.31660e-13
       8153.28   3.31750e-13
       8158.16   3.31660e-13
       8163.05   3.31170e-13
       8167.93   3.31170e-13
       8172.82   3.30030e-13
       8177.70   3.28000e-13
       8182.58   3.27600e-13
       8187.47   3.26520e-13
       8192.35   3.25140e-13
       8197.24   3.24930e-13
       8202.12   3.25340e-13
       8207.01   3.25910e-13
       8211.89   3.25690e-13
       8216.77   3.25310e-13
       8221.66   3.25950e-13
       8226.54   3.25390e-13
       8231.43   3.24490e-13
       8236.31   3.23480e-13
       8241.20   3.22340e-13
       8246.08   3.21850e-13
       8250.96   3.23150e-13
       8255.85   3.24170e-13
       8260.73   3.22370e-13
       8265.62   3.22010e-13
       8270.50   3.21860e-13
       8275.39   3.22120e-13
       8280.27   3.22330e-13
       8285.15   3.21070e-13
       8290.04   3.19800e-13
       8294.92   3.18040e-13
       8299.81   3.18790e-13
       8304.69   3.19130e-13
       8309.58   3.18650e-13
       8314.46   3.18070e-13
       8319.34   3.17800e-13
       8324.23   3.16780e-13
       8329.11   3.16450e-13
       8334.00   3.15730e-13
       8338.88   3.16230e-13
       8343.76   3.15230e-13
       8348.65   3.14520e-13
       8353.53   3.15160e-13
       8358.42   3.14310e-13
       8363.30   3.14010e-13
       8368.18   3.13890e-13
       8373.07   3.14200e-13
       8377.95   3.15130e-13
       8382.84   3.14230e-13
       8387.72   3.11970e-13
       8392.60   3.11570e-13
       8397.49   3.12210e-13
       8402.37   3.11850e-13
       8407.25   3.09580e-13
       8412.14   3.11180e-13
       8417.02   3.10230e-13
       8421.91   3.09790e-13
       8426.79   3.09610e-13
       8431.67   3.09950e-13
       8436.56   3.08330e-13
       8441.44   3.04870e-13
       8446.33   3.05750e-13
       8451.21   3.07440e-13
       8456.09   3.07610e-13
       8460.98   3.05890e-13
       8465.86   3.05100e-13
       8470.74   3.07130e-13
       8475.63   3.05380e-13
       8480.51   3.05210e-13
       8485.40   3.02410e-13
       8490.28   2.98970e-13
       8495.16   2.95960e-13
       8500.05   2.98820e-13
       8504.93   3.01910e-13
       8509.81   3.01640e-13
       8514.70   3.03670e-13
       8519.58   3.00520e-13
       8524.46   2.97070e-13
       8529.35   2.93330e-13
       8534.23   2.82970e-13
       8539.12   2.78770e-13
       8544.00   2.87430e-13
       8548.88   2.94520e-13
       8553.77   2.98610e-13
       8558.65   2.99090e-13
       8563.53   2.98730e-13
       8568.42   2.99440e-13
       8573.30   2.99920e-13
       8578.18   2.99210e-13
       8583.07   2.98620e-13
       8587.95   2.96360e-13
       8592.83   2.95790e-13
       8597.72   2.95970e-13
       8602.60   2.96820e-13
       8607.48   2.96130e-13
       8612.37   2.97100e-13
       8617.25   2.95710e-13
       8622.13   2.95530e-13
       8627.02   2.95030e-13
       8631.90   2.95380e-13
       8636.78   2.93620e-13
       8641.67   2.90350e-13
       8646.55   2.88670e-13
       8651.43   2.84850e-13
       8656.31   2.74360e-13
       8661.20   2.76460e-13
       8666.08   2.85950e-13
       8670.96   2.87570e-13
       8675.85   2.89640e-13
       8680.73   2.88860e-13
       8685.61   2.91530e-13
       8690.50   2.91620e-13
       8695.38   2.92530e-13
       8700.26   2.93250e-13
       8705.14   2.93600e-13
       8710.03   2.90920e-13
       8714.91   2.90580e-13
       8719.79   2.89770e-13
       8724.67   2.88760e-13
       8729.56   2.85870e-13
       8734.44   2.85960e-13
       8739.32   2.84930e-13
       8744.21   2.81630e-13
       8749.09   2.82700e-13
       8753.97   2.84080e-13
       8758.85   2.86530e-13
       8763.74   2.88770e-13
       8768.62   2.87970e-13
       8773.50   2.87800e-13
       8778.38   2.87100e-13
       8783.27   2.86230e-13
       8788.15   2.86340e-13
       8793.03   2.86300e-13
       8797.92   2.85250e-13
       8802.80   2.85040e-13
       8807.68   2.85870e-13
       8812.56   2.84480e-13
       8817.44   2.82890e-13
       8822.33   2.83280e-13
       8827.21   2.82230e-13
       8832.09   2.83160e-13
       8836.97   2.82150e-13
       8841.86   2.81690e-13
       8846.74   2.80510e-13
       8851.62   2.77770e-13
       8856.50   2.74340e-13
       8861.39   2.72820e-13
       8866.27   2.76380e-13
       8871.15   2.78580e-13
       8876.03   2.80650e-13
       8880.91   2.82720e-13
       8885.80   2.81540e-13
       8890.68   2.80660e-13
       8895.56   2.79110e-13
       8900.44   2.77810e-13
       8905.32   2.77710e-13
       8910.21   2.78670e-13
       8915.09   2.79550e-13
       8919.97   2.80850e-13
       8924.85   2.79310e-13
       8929.73   2.78210e-13
       8934.62   2.77400e-13
       8939.50   2.76760e-13
       8944.38   2.75310e-13
       8949.26   2.76960e-13
       8954.14   2.77480e-13
       8959.02   2.77760e-13
       8963.91   2.78550e-13
       8968.79   2.76820e-13
       8973.67   2.74510e-13
       8978.55   2.74670e-13
       8983.43   2.73640e-13
       8988.31   2.73580e-13
       8993.20   2.73240e-13
       8998.08   2.68300e-13
       9002.96   2.65470e-13
       9007.84   2.60210e-13
       9012.72   2.61430e-13
       9017.60   2.66200e-13
       9022.48   2.71390e-13
       9027.37   2.71300e-13
       9032.25   2.71390e-13
       9037.13   2.71910e-13
       9042.01   2.69850e-13
       9046.89   2.70730e-13
       9051.77   2.70160e-13
       9056.65   2.68490e-13
       9061.53   2.71600e-13
       9066.42   2.73200e-13
       9071.30   2.71130e-13
       9076.18   2.72950e-13
       9081.06   2.71700e-13
       9085.94   2.68320e-13
       9090.82   2.66650e-13
       9095.70   2.68010e-13
       9100.58   2.68210e-13
       9105.46   2.68060e-13
       9110.34   2.68730e-13
       9115.22   2.68150e-13
       9120.11   2.67740e-13
       9124.99   2.67590e-13
       9129.87   2.66290e-13
       9134.75   2.67950e-13
       9139.63   2.68000e-13
       9144.51   2.69970e-13
       9149.39   2.71660e-13
       9154.27   2.71660e-13
       9159.15   2.69590e-13
       9164.03   2.67820e-13
       9168.91   2.66380e-13
       9173.79   2.63080e-13
       9178.67   2.62490e-13
       9183.55   2.63580e-13
       9188.43   2.64470e-13
       9193.31   2.63580e-13
       9198.19   2.64060e-13
       9203.07   2.60550e-13
       9207.96   2.55610e-13
       9212.83   2.54010e-13
       9217.71   2.49750e-13
       9222.60   2.46560e-13
       9227.48   2.49110e-13
       9232.36   2.53030e-13
       9237.24   2.55370e-13
       9242.12   2.55350e-13
       9247.00   2.54720e-13
       9251.88   2.54800e-13
       9256.76   2.56850e-13
       9261.64   2.57700e-13
       9266.52   2.57100e-13
       9271.40   2.56780e-13
       9276.28   2.57160e-13
       9281.16   2.55970e-13
       9286.03   2.56080e-13
       9290.91   2.59260e-13
       9295.79   2.58570e-13
       9300.67   2.57350e-13
       9305.55   2.56350e-13
       9310.43   2.55190e-13
       9315.31   2.52770e-13
       9320.19   2.51310e-13
       9325.07   2.52640e-13
       9329.95   2.52330e-13
       9334.83   2.53620e-13
       9339.71   2.53060e-13
       9344.59   2.50470e-13
       9349.47   2.51060e-13
       9354.35   2.52000e-13
       9359.23   2.53610e-13
       9364.11   2.52030e-13
       9368.98   2.52900e-13
       9373.86   2.52300e-13
       9378.74   2.52530e-13
       9383.62   2.52130e-13
       9388.50   2.52670e-13
       9393.38   2.52900e-13
       9398.26   2.50870e-13
       9403.14   2.50500e-13
       9408.02   2.49460e-13
       9412.90   2.50080e-13
       9417.77   2.46910e-13
       9422.65   2.46690e-13
       9427.53   2.47040e-13
       9432.41   2.47500e-13
       9437.29   2.47430e-13
       9442.17   2.50050e-13
       9447.05   2.49400e-13
       9451.92   2.48610e-13
       9456.80   2.48460e-13
       9461.68   2.47100e-13
       9466.56   2.46920e-13
       9471.44   2.46090e-13
       9476.32   2.46320e-13
       9481.20   2.47400e-13
       9486.07   2.44630e-13
       9490.95   2.44560e-13
       9495.83   2.43390e-13
       9500.71   2.43190e-13
       9505.59   2.43560e-13
       9510.46   2.41610e-13
       9515.34   2.40550e-13
       9520.22   2.40420e-13
       9525.10   2.37180e-13
       9529.98   2.36850e-13
       9534.85   2.33860e-13
       9539.73   2.28440e-13
       9544.61   2.29770e-13
       9549.49   2.34910e-13
       9554.37   2.35890e-13
       9559.24   2.37490e-13
       9564.12   2.40660e-13
       9569.00   2.40470e-13
       9573.88   2.38820e-13
       9578.75   2.39480e-13
       9583.63   2.37970e-13
       9588.51   2.38590e-13
       9593.39   2.39250e-13
       9598.26   2.38660e-13
       9603.14   2.38410e-13
       9608.02   2.38850e-13
       9612.89   2.39340e-13
       9617.77   2.37500e-13
       9622.65   2.34210e-13
       9627.53   2.35600e-13
       9632.40   2.35010e-13
       9637.28   2.36010e-13
       9642.16   2.35630e-13
       9647.03   2.34070e-13
       9651.91   2.36150e-13
       9656.79   2.35800e-13
       9661.67   2.36470e-13
       9666.54   2.37130e-13
       9671.42   2.37030e-13
       9676.29   2.35220e-13
       9681.17   2.32530e-13
       9686.05   2.33360e-13
       9690.92   2.34880e-13
       9695.80   2.35990e-13
       9700.68   2.36160e-13
       9705.55   2.34920e-13
       9710.43   2.31760e-13
       9715.31   2.30970e-13
       9720.18   2.29560e-13
       9725.06   2.29560e-13
       9729.94   2.29520e-13
       9734.81   2.30110e-13
       9739.69   2.28510e-13
       9744.56   2.28080e-13
       9749.44   2.28380e-13
       9754.32   2.29930e-13
       9759.19   2.30240e-13
       9764.07   2.30120e-13
       9768.94   2.29480e-13
       9773.82   2.29290e-13
       9778.70   2.30000e-13
       9783.57   2.30050e-13
       9788.45   2.31940e-13
       9793.32   2.28560e-13
       9798.20   2.28450e-13
       9803.07   2.30590e-13
       9807.95   2.28740e-13
       9812.83   2.26750e-13
       9817.70   2.25160e-13
       9822.58   2.25290e-13
       9827.45   2.26260e-13
       9832.33   2.25610e-13
       9837.20   2.26160e-13
       9842.08   2.26080e-13
       9846.95   2.26080e-13
       9851.83   2.27220e-13
       9856.70   2.24980e-13
       9861.58   2.23400e-13
       9866.45   2.24340e-13
       9871.33   2.21490e-13
       9876.20   2.25200e-13
       9881.08   2.27890e-13
       9885.95   2.27020e-13
       9890.83   2.25110e-13
       9895.70   2.24460e-13
       9900.58   2.23070e-13
       9905.45   2.20010e-13
       9910.33   2.21430e-13
       9915.20   2.20640e-13
       9920.07   2.20940e-13
       9924.95   2.23650e-13
       9929.82   2.20700e-13
       9934.70   2.20780e-13
       9939.57   2.20650e-13
       9944.45   2.20340e-13
       9949.32   2.19850e-13
       9954.19   2.18660e-13
       9959.07   2.19350e-13
       9963.94   2.20420e-13
       9968.82   2.18430e-13
       9973.69   2.17700e-13
       9978.56   2.19910e-13
       9983.44   2.19420e-13
       9988.31   2.18830e-13
       9993.18   2.18000e-13
       9998.06   2.19430e-13
       10002.9   2.20060e-13
       10007.8   2.19370e-13
       10012.7   2.18830e-13
       10017.6   2.19160e-13
       10022.4   2.16770e-13
       10027.3   2.12890e-13
       10032.2   2.10700e-13
       10037.0   2.10000e-13
       10041.9   2.05300e-13
       10046.8   2.04850e-13
       10051.7   2.06630e-13
       10056.5   2.10130e-13
       10061.4   2.11220e-13
       10066.3   2.12890e-13
       10071.2   2.12720e-13
       10076.0   2.14530e-13
       10080.9   2.12090e-13
       10085.8   2.11190e-13
       10090.6   2.11760e-13
       10095.5   2.14020e-13
       10100.4   2.13140e-13
       10105.3   2.13130e-13
       10110.1   2.13990e-13
       10115.0   2.14580e-13
       10119.9   2.13670e-13
       10124.8   2.15740e-13
       10129.6   2.17090e-13
       10134.5   2.15260e-13
       10139.4   2.16080e-13
       10144.2   2.13820e-13
       10149.1   2.14530e-13
       10154.0   2.14430e-13
       10158.9   2.11540e-13
       10169.3   2.11590e-13
       10197.4   2.10530e-13
       10225.6   2.09220e-13
       10253.7   2.07800e-13
       10281.8   2.06420e-13
       10310.0   2.05110e-13
       10338.1   2.03450e-13
       10366.3   2.02570e-13
       10394.4   2.02160e-13
       10422.5   2.00850e-13
       10450.7   1.99380e-13
       10478.8   1.98050e-13
       10507.0   1.96960e-13
       10535.1   1.95750e-13
       10563.3   1.95420e-13
       10591.4   1.94300e-13
       10619.5   1.92950e-13
       10647.7   1.92460e-13
       10675.8   1.90080e-13
       10704.0   1.88680e-13
       10732.1   1.87790e-13
       10760.2   1.86220e-13
       10788.4   1.86110e-13
       10816.5   1.85360e-13
       10844.7   1.83170e-13
       10872.8   1.80750e-13
       10900.9   1.77820e-13
       10929.1   1.76890e-13
       10957.2   1.76670e-13
       10985.4   1.76040e-13
       11013.5   1.77220e-13
       11041.6   1.76390e-13
       11069.8   1.75370e-13
       11097.9   1.74230e-13
       11126.1   1.72710e-13
       11154.2   1.72250e-13
       11182.3   1.70790e-13
       11210.5   1.69740e-13
       11238.6   1.69530e-13
       11266.8   1.68410e-13
       11294.9   1.67090e-13
       11323.1   1.65790e-13
       11351.2   1.64310e-13
       11379.3   1.62450e-13
       11407.5   1.61140e-13
       11435.6   1.60820e-13
       11463.8   1.59990e-13
       11491.9   1.58860e-13
       11520.0   1.58740e-13
       11548.2   1.58330e-13
       11576.3   1.56800e-13
       11604.5   1.55900e-13
       11632.6   1.54310e-13
       11660.7   1.52820e-13
       11688.9   1.51640e-13
       11720.6   1.53320e-13
       11760.6   1.51900e-13
       11800.6   1.50500e-13
       11840.6   1.48780e-13
       11880.6   1.47400e-13
       11920.6   1.46120e-13
       11960.6   1.44790e-13
       12000.6   1.43460e-13
       12040.6   1.42320e-13
       12080.6   1.41170e-13
       12120.6   1.40240e-13
       12160.6   1.39670e-13
       12200.6   1.38790e-13
       12240.6   1.37600e-13
       12280.5   1.36310e-13
       12320.5   1.35310e-13
       12360.5   1.34510e-13
       12400.5   1.33500e-13
       12440.5   1.32260e-13
       12480.5   1.30870e-13
       12520.5   1.29800e-13
       12560.5   1.28660e-13
       12600.5   1.27400e-13
       12640.5   1.26100e-13
       12680.5   1.24590e-13
       12720.5   1.23310e-13
       12760.5   1.21800e-13
       12800.5   1.20530e-13
       12840.5   1.19990e-13
       12880.5   1.19640e-13
       12920.5   1.19250e-13
       12960.4   1.18580e-13
       13000.4   1.18250e-13
       13040.4   1.17830e-13
       13080.4   1.17280e-13
       13120.4   1.16610e-13
       13160.4   1.15500e-13
       13200.4   1.14660e-13
       13240.4   1.13890e-13
       13280.4   1.13060e-13
       13320.4   1.12010e-13
       13360.4   1.10890e-13
       13400.4   1.10150e-13
       13440.4   1.09410e-13
       13480.4   1.08470e-13
       13520.4   1.07530e-13
       13560.4   1.06850e-13
       13600.4   1.06200e-13
       13640.4   1.05640e-13
       13680.3   1.05110e-13
       13720.3   1.04570e-13
       13760.3   1.04080e-13
       13800.3   1.03370e-13
       13840.3   1.02570e-13
       13880.3   1.01790e-13
       13920.3   1.00920e-13
       13960.3   1.00080e-13
       14000.3   9.92620e-14
       14040.3   9.83930e-14
       14080.3   9.77560e-14
       14120.3   9.72250e-14
       14160.3   9.65260e-14
       14200.3   9.57910e-14
       14240.3   9.53430e-14
       14280.3   9.47970e-14
       14320.3   9.40890e-14
       14360.2   9.35190e-14
       14400.2   9.29650e-14
       14440.2   9.23660e-14
       14480.2   9.17100e-14
       14520.2   9.13010e-14
       14560.2   9.08610e-14
       14600.2   9.01940e-14
       14640.2   8.95720e-14
       14680.2   8.91150e-14
       14720.2   8.86190e-14
       14760.2   8.78070e-14
       14800.2   8.70150e-14
       14840.2   8.64950e-14
       14880.2   8.61370e-14
       14920.2   8.56370e-14
       14960.2   8.49260e-14
       15000.2   8.43140e-14
       15040.2   8.38070e-14
       15080.1   8.34420e-14
       15120.1   8.29510e-14
       15160.1   8.23880e-14
       15200.1   8.18130e-14
       15240.1   8.13180e-14
       15280.1   8.08650e-14
       15320.1   8.03460e-14
       15360.1   8.00310e-14
       15400.1   7.96470e-14
       15440.1   7.92170e-14
       15480.1   7.85810e-14
       15520.1   7.79220e-14
       15560.1   7.74410e-14
       15600.1   7.69140e-14
       15640.1   7.61980e-14
       15680.1   7.53780e-14
       15720.1   7.47420e-14
       15760.0   7.42220e-14
       15800.0   7.38720e-14
       15840.0   7.34390e-14
       15880.0   7.30770e-14
       15920.0   7.26650e-14
       15960.0   7.21500e-14
       16000.0   7.16060e-14
       16040.0   7.10370e-14
       16080.0   7.04620e-14
       16120.0   7.00140e-14
       16160.0   6.97550e-14
       16200.0   6.92700e-14
       16240.0   6.88040e-14
       16280.0   6.82150e-14
       16320.0   6.74660e-14
       16360.0   6.67360e-14
       16400.0   6.61180e-14
       16440.0   6.57110e-14
       16479.9   6.54580e-14
       16519.9   6.51840e-14
       16559.9   6.48180e-14
       16599.9   6.43110e-14
       16639.9   6.36070e-14
       16679.9   6.28750e-14
       16719.9   6.21540e-14
       16759.9   6.14050e-14
       16799.9   6.06870e-14
       16839.9   6.03080e-14
       16879.9   6.01410e-14
       16919.9   6.00090e-14
       16959.9   5.97820e-14
       16999.9   5.94610e-14
       17039.9   5.90410e-14
       17079.9   5.84630e-14
       17119.9   5.78910e-14
       17159.8   5.73410e-14
       17199.8   5.68040e-14
       17239.8   5.60810e-14
       17279.8   5.52240e-14
       17319.8   5.43910e-14
       17359.8   5.37550e-14
       17399.8   5.35160e-14
       17439.8   5.35570e-14
       17479.8   5.34890e-14
       17519.8   5.32380e-14
       17559.8   5.29380e-14
       17599.8   5.25740e-14
       17639.8   5.21210e-14
       17679.8   5.16220e-14
       17719.8   5.12550e-14
       17759.8   5.08710e-14
       17799.8   5.04610e-14
       17839.8   5.00270e-14
       17879.7   4.96620e-14
       17919.7   4.93080e-14
       17959.7   4.88500e-14
       17999.7   4.83810e-14
       18039.7   4.78160e-14
       18079.7   4.72460e-14
       18119.7   4.65340e-14
       18159.7   4.59200e-14
       18199.7   4.55340e-14
       18239.7   4.54380e-14
       18279.7   4.53570e-14
       18319.7   4.51980e-14
       18359.7   4.49660e-14
       18399.7   4.45810e-14
       18439.7   4.42790e-14
       18479.7   4.39080e-14
       18519.7   4.36470e-14
       18559.7   4.31840e-14
       18599.6   4.27630e-14
       18639.6   4.20690e-14
       18679.6   4.13840e-14
       18719.6   4.05110e-14
       18759.6   4.02790e-14
       18799.6   4.06390e-14
       18839.6   4.05720e-14
       18879.6   4.06550e-14
       18934.2   4.02960e-14
       18991.6   3.99040e-14
       19048.9   3.94120e-14
       19106.3   3.89320e-14
       19163.7   3.85240e-14
       19221.1   3.81110e-14
       19278.5   3.77080e-14
       19335.9   3.70690e-14
       19393.2   3.64020e-14
       19450.6   3.60300e-14
       19508.0   3.59330e-14
       19565.4   3.58600e-14
       19622.8   3.56360e-14
       19680.2   3.53050e-14
       19737.6   3.48750e-14
       19794.9   3.44640e-14
       19852.3   3.41220e-14
       19909.7   3.37910e-14
       19967.1   3.34810e-14
       20024.5   3.31390e-14
       20081.9   3.28020e-14
       20139.2   3.24860e-14
       20196.6   3.21840e-14
       20254.0   3.18740e-14
       20311.4   3.15770e-14
       20368.8   3.12710e-14
       20426.2   3.09760e-14
       20483.6   3.06890e-14
       20540.9   3.03520e-14
       20598.3   3.00430e-14
       20655.7   2.97390e-14
       20713.1   2.94300e-14
       20770.5   2.91320e-14
       20827.9   2.88060e-14
       20885.3   2.85130e-14
       20942.6   2.82480e-14
       21000.0   2.79840e-14
       21057.4   2.77300e-14
       21114.8   2.74240e-14
       21172.2   2.71450e-14
       21229.6   2.68970e-14
       21286.9   2.67170e-14
       21344.3   2.64670e-14
       21401.7   2.61420e-14
       21459.1   2.58440e-14
       21516.5   2.55080e-14
       21573.9   2.51360e-14
       21631.3   2.48320e-14
       21688.6   2.46500e-14
       21746.0   2.45870e-14
       21803.4   2.45340e-14
       21860.8   2.44070e-14
       21918.2   2.42200e-14
       21975.6   2.39980e-14
       22032.9   2.37350e-14
       22090.3   2.34820e-14
       22147.7   2.32880e-14
       22205.1   2.30940e-14
       22262.5   2.29240e-14
       22319.9   2.27440e-14
       22377.3   2.25060e-14
       22434.6   2.23110e-14
       22492.0   2.21230e-14
       22549.4   2.19330e-14
       22606.8   2.17480e-14
       22664.2   2.14880e-14
       22721.6   2.12480e-14
       22779.0   2.10850e-14
       22836.3   2.09090e-14
       22893.7   2.06860e-14
       22951.1   2.04620e-14
       23008.5   2.02710e-14
       23065.9   2.01010e-14
       23123.3   1.99330e-14
       23180.6   1.97360e-14
       23238.0   1.95580e-14
       23295.4   1.93960e-14
       23352.8   1.92510e-14
       23410.2   1.91190e-14
       23467.6   1.89270e-14
       23525.0   1.87260e-14
       23582.3   1.85160e-14
       23639.7   1.83320e-14
       23697.1   1.81680e-14
       23754.5   1.80000e-14
       23811.9   1.78690e-14
       23869.3   1.77220e-14
       23926.7   1.75480e-14
       23984.0   1.73800e-14
       24041.4   1.72040e-14
       24098.8   1.70030e-14
       24156.2   1.67940e-14
       24213.6   1.66000e-14
       24271.0   1.64540e-14
       24328.3   1.63220e-14
       24385.7   1.61490e-14
       24443.1   1.59640e-14
       24500.5   1.58310e-14
       24557.9   1.56830e-14
       24615.3   1.56240e-14
       24672.7   1.56490e-14
       24730.0   1.56320e-14
       24787.4   1.55790e-14
