3285 0
3290 0.00193113
3295 0.00409386
3300 0.00540421
3305 0.00725804
3310 0.00998389
3315 0.0139067
3320 0.0196049
3325 0.0279634
3330 0.0399541
3335 0.0573742
3340 0.0821797
3345 0.115844
3350 0.160505
3355 0.216832
3360 0.28286
3365 0.355837
3370 0.429185
3375 0.4964
3380 0.55194
3385 0.592275
3390 0.616863
3395 0.629999
3400 0.631594
3405 0.623652
3410 0.609953
3415 0.595415
3420 0.584084
3425 0.576074
3430 0.569372
3435 0.563587
3440 0.561687
3445 0.569436
3450 0.591482
3455 0.627076
3460 0.670469
3465 0.710825
3470 0.737711
3475 0.745387
3480 0.734318
3485 0.707633
3490 0.6789
3495 0.674934
3500 0.689775
3505 0.716696
3510 0.748044
3515 0.774945
3520 0.79246
3525 0.800862
3530 0.803361
3535 0.803963
3540 0.805001
3545 0.806207
3550 0.805416
3555 0.800543
3560 0.790713
3565 0.775389
3570 0.753714
3575 0.723857
3580 0.685588
3585 0.643151
3590 0.604927
3595 0.581315
3600 0.579847
3605 0.601093
3610 0.637151
3615 0.677163
3620 0.71175
3625 0.73704
3630 0.754888
3635 0.768038
3640 0.777365
3645 0.780824
3650 0.775422
3655 0.762084
3660 0.745572
3665 0.731649
3670 0.722227
3675 0.712457
3680 0.693246
3685 0.657296
3690 0.605751
3695 0.54953
3700 0.504548
3705 0.484443
3710 0.491566
3715 0.516634
3720 0.544695
3725 0.563219
3730 0.568399
3735 0.565243
3740 0.559361
3745 0.551892
3750 0.539274
3755 0.518846
3760 0.494945
3765 0.478843
3770 0.481906
3775 0.507883
3780 0.548817
3785 0.589157
3790 0.615438
3795 0.623845
3800 0.622847
3805 0.625902
3810 0.643118
3815 0.67585
3820 0.716361
3825 0.753725
3830 0.781592
3835 0.799452
3840 0.810108
3845 0.81641
3850 0.819036
3855 0.817215
3860 0.811494
3865 0.803402
3870 0.792854
3875 0.778478
3880 0.758224
3885 0.731671
3890 0.702839
3895 0.678815
3900 0.666319
3905 0.668138
3910 0.681312
3915 0.69842
3920 0.711419
3925 0.716183
3930 0.713723
3935 0.709016
3940 0.707628
3945 0.712571
3950 0.723255
3955 0.736139
3960 0.747269
3965 0.753915
3970 0.755081
3975 0.751454
3980 0.744648
3985 0.73655
3990 0.728596
3995 0.722024
4000 0.717447
4005 0.714007
4010 0.710187
4015 0.704237
4020 0.695353
4025 0.685143
4030 0.676526
4035 0.672829
4040 0.676711
4045 0.688354
4050 0.704824
4055 0.720661
4060 0.730641
4065 0.732318
4070 0.725905
4075 0.713852
4080 0.69903
4085 0.682889
4090 0.665228
4095 0.643401
4100 0.614901
4105 0.5785
4110 0.534083
4115 0.484196
4120 0.432073
4125 0.380396
4130 0.331619
4135 0.2867
4140 0.246413
4145 0.211153
4150 0.180353
4155 0.153886
4160 0.131418
4165 0.112359
4170 0.0963017
4175 0.0826822
4180 0.0710925
4185 0.0612999
4190 0.0529411
4195 0.0458259
4200 0.0397487
4205 0.034495
4210 0.0299928
4215 0.0261301
4220 0.0227933
4225 0.0199079
4230 0.0174025
4235 0.0152366
4240 0.0133662
4245 0.0117427
4250 0.0103501
4255 0.00915061
4260 0.00810842
4265 0.00721511
4270 0.0064518
4275 0.00580653
4280 0.00526766
4285 0.00480879
4290 0.00441568
4295 0.00407691
4300 0.00378084
4305 0.0035271
4310 0.00330427
4315 0.00311197
4320 0.00301297
4325 0.00300021
4330 0.00300025
4335 0.00300029
4340 0.00300033
4345 0.00300037
4350 0.0030004
4355 0.00300044
4360 0.00300048
4365 0.00300052
4370 0.00300055
4375 0.00300059
4380 0.00300063
4385 0.00300067
4390 0.00300071
4395 0.00300074
4400 0.00300078
4405 0.00300082
4410 0.00300086
4415 0.0030009
4420 0.00300093
4425 0.00300097
4430 0.00300101
4435 0.00300105
4440 0.00300108
4445 0.00300112
4450 0.00300116
4455 0.0030012
4460 0.00300124
4465 0.00300127
4470 0.00300131
4475 0.00300135
4480 0.00300139
4485 0.00300142
4490 0.00300146
4495 0.0030015
4500 0.00300154
4505 0.00300158
4510 0.00300161
4515 0.00300165
4520 0.00300169
4525 0.00300173
4530 0.00300177
4535 0.0030018
4540 0.00300184
4545 0.00300188
4550 0.00300192
4555 0.00300195
4560 0.00300199
4565 0.00300203
4570 0.00300207
4575 0.00300211
4580 0.00300214
4585 0.00300218
4590 0.00300222
4595 0.00300226
4600 0.00300229
4605 0.00300233
4610 0.00300237
4615 0.00300241
4620 0.00300245
4625 0.00300248
4630 0.00300252
4635 0.00300256
4640 0.0030026
4645 0.00300264
4650 0.00300267
4655 0.00300271
4660 0.00300275
4665 0.00300279
4670 0.00300282
4675 0.00300286
4680 0.0030029
4685 0.00300294
4690 0.00300298
4695 0.00300301
4700 0.00300305
4705 0.00300309
4710 0.00300313
4715 0.00300316
4720 0.0030032
4725 0.00300324
4730 0.00300328
4735 0.00300332
4740 0.00300335
4745 0.00300339
4750 0.00300343
4755 0.00300347
4760 0.00300351
4765 0.00300354
4770 0.00300358
4775 0.00300362
4780 0.00300366
4785 0.00300369
4790 0.00300373
4795 0.00300377
4800 0.00300381
4805 0.00300385
4810 0.00300388
4815 0.00300392
4820 0.00300396
4825 0.003004
4830 0.00300403
4835 0.00300407
4840 0.00300411
4845 0.00300415
4850 0.00300419
4855 0.00300422
4860 0.00300426
4865 0.0030043
4870 0.00300434
4875 0.00300438
4880 0.00300441
4885 0.00300445
4890 0.00300449
4895 0.00300453
4900 0.00300456
4905 0.0030046
4910 0.00300464
4915 0.00300468
4920 0.00300472
4925 0.00300475
4930 0.00300479
4935 0.00300483
4940 0.00300487
4945 0.0030049
4950 0.00300494
4955 0.00300498
4960 0.00300502
4965 0.00300506
4970 0.00300509
4975 0.00300513
4980 0.00300517
4985 0.00300521
4990 0.00300525
4995 0.00300528
5000 0.00300532
5005 0.00300536
5010 0.0030054
5015 0.00300543
5020 0.00300547
5025 0.00300551
5030 0.00300555
5035 0.00300559
5040 0.00300562
5045 0.00300566
5050 0.0030057
5055 0.00300574
5060 0.00300577
5065 0.00300581
5070 0.00300585
5075 0.00300589
5080 0.00300593
5085 0.00300596
5090 0.003006
5095 0.00300604
5100 0.00300608
5105 0.00300612
5110 0.00300615
5115 0.00300619
5120 0.00300623
5125 0.00300627
5130 0.0030063
5135 0.00300634
5140 0.00300638
5145 0.00300642
5150 0.00300646
5155 0.00300649
5160 0.00300653
5165 0.00300657
5170 0.00300661
5175 0.00300664
5180 0.00300668
5185 0.00300672
5190 0.00300676
5195 0.0030068
5200 0.00300683
5205 0.00300687
5210 0.00300691
5215 0.00300695
5220 0.00300699
5225 0.00300702
5230 0.00300706
5235 0.0030071
5240 0.00300714
5245 0.00300717
5250 0.00300721
5255 0.00300725
5260 0.00300729
5265 0.00300733
5270 0.00300736
5275 0.0030074
5280 0.00300744
5285 0.00300748
5290 0.00300751
5295 0.00300755
5300 0.00300759
5305 0.00300763
5310 0.00300767
5315 0.0030077
5320 0.00300774
5325 0.00300778
5330 0.00300782
5335 0.00300786
5340 0.00300789
5345 0.00300793
5350 0.00300797
5355 0.00300801
5360 0.00300804
5365 0.00300808
5370 0.00300812
5375 0.00300816
5380 0.0030082
5385 0.00300823
5390 0.00300827
5395 0.00300831
5400 0.00300835
5405 0.00300839
5410 0.00300842
5415 0.00300846
5420 0.0030085
5425 0.00300854
5430 0.00300857
5435 0.00300861
5440 0.00300865
5445 0.00300869
5450 0.00300873
5455 0.00300876
5460 0.0030088
5465 0.00300884
5470 0.00300888
5475 0.00300891
5480 0.00300895
5485 0.00300899
5490 0.00300903
5495 0.00300907
5500 0.0030091
5505 0.00300914
5510 0.00300918
5515 0.00300922
5520 0.00300926
5525 0.00300929
5530 0.00300933
5535 0.00300937
5540 0.00300941
5545 0.00300944
5550 0.00300948
5555 0.00300952
5560 0.00300956
5565 0.0030096
5570 0.00300963
5575 0.00300967
5580 0.00300971
5585 0.00300975
5590 0.00300978
5595 0.00300982
5600 0.00300986
5605 0.0030099
5610 0.00300994
5615 0.00300997
5620 0.00301001
5625 0.00301005
5630 0.00301009
5635 0.00301013
5640 0.00301016
5645 0.0030102
5650 0.00301024
5655 0.00301028
5660 0.00301031
5665 0.00301035
5670 0.00301039
5675 0.00301043
5680 0.00301047
5685 0.0030105
5690 0.00301054
5695 0.00301058
5700 0.00301062
5705 0.00301065
5710 0.00301069
5715 0.00301073
5720 0.00301077
5725 0.00301081
5730 0.00301084
5735 0.00301088
5740 0.00301092
5745 0.00301096
5750 0.003011
5755 0.00301103
5760 0.00301107
5765 0.00301111
5770 0.00301115
5775 0.00301118
5780 0.00301122
5785 0.00301126
5790 0.0030113
5795 0.00301134
5800 0.00301137
5805 0.00301141
5810 0.00301145
5815 0.00301149
5820 0.00301152
5825 0.00301156
5830 0.0030116
5835 0.00301164
5840 0.00301168
5845 0.00301171
5850 0.00301175
5855 0.00301179
5860 0.00301183
5865 0.00301187
5870 0.0030119
5875 0.00301194
5880 0.00301198
5885 0.00301202
5890 0.00301205
5895 0.00301209
5900 0.00301213
5905 0.00301217
5910 0.00301221
5915 0.00301224
5920 0.00301228
5925 0.00301232
5930 0.00301236
5935 0.00301239
5940 0.00301243
5945 0.00301247
5950 0.00301251
5955 0.00301255
5960 0.00301258
5965 0.00301262
5970 0.00301266
5975 0.0030127
5980 0.00301274
5985 0.00301277
5990 0.00301281
5995 0.00301285
6000 0.00301289
6005 0.00301292
6010 0.00301296
6015 0.003013
6020 0.00301304
6025 0.00301308
6030 0.00301311
6035 0.00301315
6040 0.00301319
6045 0.00301323
6050 0.00301326
6055 0.0030133
6060 0.00301334
6065 0.00301338
6070 0.00301342
6075 0.00301345
6080 0.00301349
6085 0.00301353
6090 0.00301357
6095 0.00301361
6100 0.00301364
6105 0.00301368
6110 0.00301372
6115 0.00301376
6120 0.00301379
6125 0.00301383
6130 0.00301387
6135 0.00301391
6140 0.00301395
6145 0.00301398
6150 0.00301402
6155 0.00301406
6160 0.0030141
6165 0.00301413
6170 0.00301417
6175 0.00301421
6180 0.00301425
6185 0.00301429
6190 0.00301432
6195 0.00301436
6200 0.0030144
6205 0.00301444
6210 0.00301448
6215 0.00301451
6220 0.00301455
6225 0.00301459
6230 0.00301463
6235 0.00301466
6240 0.0030147
6245 0.00301474
6250 0.00301478
6255 0.00301482
6260 0.00301485
6265 0.00301489
6270 0.00301493
6275 0.00301497
6280 0.003015
6285 0.00301504
6290 0.00301508
6295 0.00301512
6300 0.00301516
6305 0.00301519
6310 0.00301523
6315 0.00301527
6320 0.00301531
6325 0.00301535
6330 0.00301538
6335 0.00301542
6340 0.00301546
6345 0.0030155
6350 0.00301553
6355 0.00301557
6360 0.00301561
6365 0.00301565
6370 0.00301569
6375 0.00301572
6380 0.00301576
6385 0.0030158
6390 0.00301584
6395 0.00301587
6400 0.00301591
6405 0.00301595
6410 0.00301599
6415 0.00301603
6420 0.00301606
6425 0.0030161
6430 0.00301614
6435 0.00301618
6440 0.00301622
6445 0.00301625
6450 0.00301629
6455 0.00301633
6460 0.00301637
6465 0.0030164
6470 0.00301644
6475 0.00301648
6480 0.00301652
6485 0.00301656
6490 0.00301659
6495 0.00301663
6500 0.00301667
6505 0.00301671
6510 0.00301674
6515 0.00301678
6520 0.00301682
6525 0.00301686
6530 0.0030169
6535 0.00301693
6540 0.00301697
6545 0.00301701
6550 0.00301705
6555 0.00301709
6560 0.00301712
6565 0.00301716
6570 0.0030172
6575 0.00301724
6580 0.00301727
6585 0.00301731
6590 0.00301735
6595 0.00301739
6600 0.00301743
6605 0.00301746
6610 0.0030175
6615 0.00301754
6620 0.00301758
6625 0.00301761
6630 0.00301765
6635 0.00301769
6640 0.00301773
6645 0.00301777
6650 0.0030178
6655 0.00301784
6660 0.00301788
6665 0.00301792
6670 0.00301796
6675 0.00301799
6680 0.00301803
6685 0.00301807
6690 0.00301811
6695 0.00301814
6700 0.00301818
6705 0.00301822
6710 0.00301826
6715 0.0030183
6720 0.00301833
6725 0.00301837
6730 0.00301841
6735 0.00301845
6740 0.00301848
6745 0.00301852
6750 0.00301856
6755 0.0030186
6760 0.00301864
6765 0.00301867
6770 0.00301871
6775 0.00301875
6780 0.00301879
6785 0.00301883
6790 0.00301886
6795 0.0030189
6800 0.00301894
6805 0.00301898
6810 0.00301901
6815 0.00301905
6820 0.00301909
6825 0.00301913
6830 0.00301917
6835 0.0030192
6840 0.00301924
6845 0.00301928
6850 0.00301932
6855 0.00301935
6860 0.00301939
6865 0.00301943
6870 0.00301947
6875 0.00301951
6880 0.00301954
6885 0.00301958
6890 0.00301962
6895 0.00301966
6900 0.0030197
6905 0.00301973
6910 0.00301977
6915 0.00301981
6920 0.00301985
6925 0.00301988
6930 0.00301992
6935 0.00301996
6940 0.00302
6945 0.00302004
6950 0.00302007
6955 0.00302011
6960 0.00302015
6965 0.00302019
6970 0.00302022
6975 0.00302026
6980 0.0030203
6985 0.00302034
6990 0.00302038
6995 0.00302041
7000 0.00302045
7005 0.00302049
7010 0.00302053
7015 0.00302057
7020 0.0030206
7025 0.00302064
7030 0.00302068
7035 0.00302072
7040 0.00302075
7045 0.00302079
7050 0.00302083
7055 0.00302087
7060 0.00302091
7065 0.00302094
7070 0.00302098
7075 0.00302102
7080 0.00302106
7085 0.00302109
7090 0.00302113
7095 0.00302117
7100 0.00302121
7105 0.00302125
7110 0.00302128
7115 0.00302132
7120 0.00302136
7125 0.0030214
7130 0.00302144
7135 0.00302147
7140 0.00302151
7145 0.00302155
7150 0.00302159
7155 0.00302162
7160 0.00302166
7165 0.0030217
7170 0.00302174
7175 0.00302178
7180 0.00302181
7185 0.00302185
7190 0.00302189
7195 0.00302193
7200 0.00302196
7205 0.003022
7210 0.00302204
7215 0.00302208
7220 0.00302212
7225 0.00302215
7230 0.00302219
7235 0.00302223
7240 0.00302227
7245 0.00302231
7250 0.00302234
7255 0.00302238
7260 0.00302242
7265 0.00302246
7270 0.00302249
7275 0.00302253
7280 0.00302257
7285 0.00302261
7290 0.00302265
7295 0.00302268
7300 0.00302272
7305 0.00302276
7310 0.0030228
7315 0.00302283
7320 0.00302287
7325 0.00302291
7330 0.00302295
7335 0.00302299
7340 0.00302302
7345 0.00302306
7350 0.0030231
7355 0.00302314
7360 0.00302318
7365 0.00302321
7370 0.00302325
7375 0.00302329
7380 0.00302333
7385 0.00302336
7390 0.0030234
7395 0.00302344
7400 0.00302348
7405 0.00302352
7410 0.00302355
7415 0.00302359
7420 0.00302363
7425 0.00302367
7430 0.0030237
7435 0.00302374
7440 0.00302378
7445 0.00302382
7450 0.00302386
7455 0.00302389
7460 0.00302393
7465 0.00302397
7470 0.00302401
7475 0.00302405
7480 0.00302408
7485 0.00302412
7490 0.00302416
7495 0.0030242
7500 0.00302423
7505 0.00302427
7510 0.00302431
7515 0.00302435
7520 0.00302439
7525 0.00302442
7530 0.00302446
7535 0.0030245
7540 0.00302454
7545 0.00302457
7550 0.00302461
7555 0.00302465
7560 0.00302469
7565 0.00302473
7570 0.00302476
7575 0.0030248
7580 0.00302484
7585 0.00302488
7590 0.00302492
7595 0.00302495
7600 0.00302499
7605 0.00302503
7610 0.00302507
7615 0.0030251
7620 0.00302514
7625 0.00302518
7630 0.00302522
7635 0.00302526
7640 0.00302529
7645 0.00302533
7650 0.00302537
7655 0.00302541
7660 0.00302544
7665 0.00302548
7670 0.00302552
7675 0.00302556
7680 0.0030256
7685 0.00302563
7690 0.00302567
7695 0.00302571
7700 0.00302575
7705 0.00302579
7710 0.00302582
7715 0.00302586
7720 0.0030259
7725 0.00302594
7730 0.00302597
7735 0.00302601
7740 0.00302605
7745 0.00302609
7750 0.00302613
7755 0.00302616
7760 0.0030262
7765 0.00302624
7770 0.00302628
7775 0.00302631
7780 0.00302635
7785 0.00302639
7790 0.00302643
7795 0.00302647
7800 0.0030265
7805 0.00302654
7810 0.00302658
7815 0.00302662
7820 0.00302666
7825 0.00302669
7830 0.00302673
7835 0.00302677
7840 0.00302681
7845 0.00302684
7850 0.00302688
7855 0.00302692
7860 0.00302696
7865 0.003027
7870 0.00302703
7875 0.00302707
7880 0.00302711
7885 0.00302715
7890 0.00302718
7895 0.00302722
7900 0.00302726
7905 0.0030273
7910 0.00302734
7915 0.00302737
7920 0.00302741
7925 0.00302745
7930 0.00302749
7935 0.00302753
7940 0.00302756
7945 0.0030276
7950 0.00302764
7955 0.00302768
7960 0.00302771
7965 0.00302775
7970 0.00302779
7975 0.00302783
7980 0.00302787
7985 0.0030279
7990 0.00302794
7995 0.00302798
8000 0.00302802
8005 0.00302805
8010 0.00302809
8015 0.00302813
8020 0.00302817
8025 0.00302821
8030 0.00302824
8035 0.00302828
8040 0.00302832
8045 0.00302836
8050 0.0030284
8055 0.00302843
8060 0.00302847
8065 0.00302851
8070 0.00302855
8075 0.00302858
8080 0.00302862
8085 0.00302866
8090 0.0030287
8095 0.00302874
8100 0.00302877
8105 0.00302881
8110 0.00302885
8115 0.00302889
8120 0.00302892
8125 0.00302896
8130 0.003029
8135 0.00302904
8140 0.00302908
8145 0.00302911
8150 0.00302915
8155 0.00302919
8160 0.00302923
8165 0.00302927
8170 0.0030293
8175 0.00302934
8180 0.00302938
8185 0.00302942
8190 0.00302945
8195 0.00302949
8200 0.00302953
8205 0.00302957
8210 0.00302961
8215 0.00302964
8220 0.00302968
8225 0.00302972
8230 0.00302976
8235 0.00302979
8240 0.00302983
8245 0.00302987
8250 0.00302991
8255 0.00302995
8260 0.00302998
8265 0.00303002
8270 0.00303006
8275 0.0030301
8280 0.00303014
8285 0.00303017
8290 0.00303021
8295 0.00303025
8300 0.00303029
8305 0.00303032
8310 0.00303036
8315 0.0030304
8320 0.00303044
8325 0.00303048
8330 0.00303051
8335 0.00303055
8340 0.00303059
8345 0.00303063
8350 0.00303066
8355 0.0030307
8360 0.00303074
8365 0.00303078
8370 0.00303082
8375 0.00303085
8380 0.00303089
8385 0.00303093
8390 0.00303097
8395 0.00303101
8400 0.00303104
8405 0.00303108
8410 0.00303112
8415 0.00303116
8420 0.00303119
8425 0.00303123
8430 0.00303127
8435 0.00303131
8440 0.00303135
8445 0.00303138
8450 0.00303142
8455 0.00303146
8460 0.0030315
8465 0.00303153
8470 0.00303157
8475 0.00303161
8480 0.00303165
8485 0.00303169
8490 0.00303172
8495 0.00303176
8500 0.0030318
8505 0.00303184
8510 0.00303188
8515 0.00303191
8520 0.00303195
8525 0.00303199
8530 0.00303203
8535 0.00303206
8540 0.0030321
8545 0.00303214
8550 0.00303218
8555 0.00303222
8560 0.00303225
8565 0.00303229
8570 0.00303233
8575 0.00303237
8580 0.0030324
8585 0.00303244
8590 0.00303248
8595 0.00303252
8600 0.00303256
8605 0.00303259
8610 0.00303263
8615 0.00303267
8620 0.00303271
8625 0.00303275
8630 0.00303278
8635 0.00303282
8640 0.00303286
8645 0.0030329
8650 0.00303293
8655 0.00303297
8660 0.00303301
8665 0.00303305
8670 0.00303309
8675 0.00303312
8680 0.00303316
8685 0.0030332
8690 0.00303324
8695 0.00303327
8700 0.00303331
8705 0.00303335
8710 0.00303339
8715 0.00303343
8720 0.00303346
8725 0.0030335
8730 0.00303354
8735 0.00303358
8740 0.00303362
8745 0.00303365
8750 0.00303369
8755 0.00303373
8760 0.00303377
8765 0.0030338
8770 0.00303384
8775 0.00303388
8780 0.00303392
8785 0.00303396
8790 0.00303399
8795 0.00303403
8800 0.00303407
8805 0.00303411
8810 0.00303414
8815 0.00303418
8820 0.00303422
8825 0.00303426
8830 0.0030343
8835 0.00303433
8840 0.00303437
8845 0.00303441
8850 0.00303445
8855 0.00303449
8860 0.00303452
8865 0.00303456
8870 0.0030346
8875 0.00303464
8880 0.00303467
8885 0.00303471
8890 0.00303475
8895 0.00303479
8900 0.00303483
8905 0.00303486
8910 0.0030349
8915 0.00303494
8920 0.00303498
8925 0.00303501
8930 0.00303505
8935 0.00303509
8940 0.00303513
8945 0.00303517
8950 0.0030352
8955 0.00303524
8960 0.00303528
8965 0.00303532
8970 0.00303536
8975 0.00303539
8980 0.00303543
8985 0.00303547
8990 0.00303551
8995 0.00303554
9000 0.00303558
9005 0.00303562
9010 0.00303566
9015 0.0030357
9020 0.00303573
9025 0.00303577
9030 0.00303581
9035 0.00303585
9040 0.00303588
9045 0.00303592
9050 0.00303596
9055 0.003036
9060 0.00303604
9065 0.00303607
9070 0.00303611
9075 0.00303615
9080 0.00303619
9085 0.00303623
9090 0.00303626
9095 0.0030363
9100 0.00303634
9105 0.00303638
9110 0.00303641
9115 0.00303645
9120 0.00303649
9125 0.00303653
9130 0.00303657
9135 0.0030366
9140 0.00303664
9145 0.00303668
9150 0.00303672
9155 0.00303675
9160 0.00303679
9165 0.00303683
9170 0.00303687
9175 0.00303691
9180 0.00303694
9185 0.00303698
9190 0.00303702
9195 0.00303706
9200 0.0030371
9205 0.00303713
9210 0.00303717
9215 0.00303721
9220 0.00303725
9225 0.00303728
9230 0.00303732
9235 0.00303736
9240 0.0030374
9245 0.00303744
9250 0.00303747
9255 0.00303751
9260 0.00303755
9265 0.00303759
9270 0.00303762
9275 0.00303766
9280 0.0030377
9285 0.00303774
9290 0.00303778
9295 0.00303781
9300 0.00303785
9305 0.00303789
9310 0.00303793
9315 0.00303797
9320 0.003038
9325 0.00303804
9330 0.00303808
9335 0.00303812
9340 0.00303815
9345 0.00303819
9350 0.00303823
9355 0.00303827
9360 0.00303831
9365 0.00303834
9370 0.00303838
9375 0.00303842
9380 0.00303846
9385 0.00303849
9390 0.00303853
9395 0.00303857
9400 0.00303861
9405 0.00303865
9410 0.00303868
9415 0.00303872
9420 0.00303876
9425 0.0030388
9430 0.00303884
9435 0.00303887
9440 0.00303891
9445 0.00303895
9450 0.00303899
9455 0.00303902
9460 0.00303906
9465 0.0030391
9470 0.00303914
9475 0.00303918
9480 0.00303921
9485 0.00303925
9490 0.00303929
9495 0.00303933
9500 0.00303936
9505 0.0030394
9510 0.00303944
9515 0.00303948
9520 0.00303952
9525 0.00303955
9530 0.00303959
9535 0.00303963
9540 0.00303967
9545 0.00303971
9550 0.00303974
9555 0.00303978
9560 0.00303982
9565 0.00303986
9570 0.00303989
9575 0.00303993
9580 0.00303997
9585 0.00304001
9590 0.00304005
9595 0.00304008
9600 0.00304012
9605 0.00304016
9610 0.0030402
9615 0.00304023
9620 0.00304027
9625 0.00304031
9630 0.00304035
9635 0.00304039
9640 0.00304042
9645 0.00304046
9650 0.0030405
9655 0.00304054
9660 0.00304058
9665 0.00304061
9670 0.00304065
9675 0.00304069
9680 0.00304073
9685 0.00304076
9690 0.0030408
9695 0.00304084
9700 0.00304088
9705 0.00304092
9710 0.00304095
9715 0.00304099
9720 0.00304103
9725 0.00304107
9730 0.0030411
9735 0.00304114
9740 0.00304118
9745 0.00304122
9750 0.00304126
9755 0.00304129
9760 0.00304133
9765 0.00304137
9770 0.00304141
9775 0.00304145
9780 0.00304148
9785 0.00304152
9790 0.00304156
9795 0.0030416
9800 0.00304163
9805 0.00304167
9810 0.00304171
9815 0.00304175
9820 0.00304179
9825 0.00304182
9830 0.00304186
9835 0.0030419
9840 0.00304194
9845 0.00304197
9850 0.00304201
9855 0.00304205
9860 0.00304209
9865 0.00304213
9870 0.00304216
9875 0.0030422
9880 0.00304224
9885 0.00304228
9890 0.00304232
9895 0.00304235
9900 0.00304239
9905 0.00304243
9910 0.00304247
9915 0.0030425
9920 0.00304254
9925 0.00304258
9930 0.00304262
9935 0.00304266
9940 0.00304269
9945 0.00304273
9950 0.00304277
9955 0.00304281
9960 0.00304284
9965 0.00304288
9970 0.00304292
9975 0.00304296
9980 0.003043
9985 0.00304303
9990 0.00304307
9995 0.00304311
10000 0.00304315
10005 0.00304319
10010 0.00304322
10015 0.00304326
10020 0.0030433
10025 0.00304334
10030 0.00304337
10035 0.00304341
10040 0.00304345
10045 0.00304349
10050 0.00304353
10055 0.00304356
10060 0.0030436
10065 0.00304364
10070 0.00304368
10075 0.00304371
10080 0.00304375
10085 0.00304379
10090 0.00304383
10095 0.00304387
10100 0.0030439
10105 0.00304394
10110 0.00304398
10115 0.00304402
10120 0.00304406
10125 0.00304409
10130 0.00304413
10135 0.00304417
10140 0.00304421
10145 0.00304424
10150 0.00304428
10155 0.00304432
10160 0.00304436
10165 0.0030444
10170 0.00304443
10175 0.00304447
10180 0.00304451
10185 0.00304455
10190 0.00304458
10195 0.00304462
10200 0.00304466
10205 0.0030447
10210 0.00304474
10215 0.00304477
10220 0.00304481
10225 0.00304485
10230 0.00304489
10235 0.00304493
10240 0.00304496
10245 0.003045
10250 0.00304504
10255 0.00304508
10260 0.00304511
10265 0.00304515
10270 0.00304519
10275 0.00304523
10280 0.00304527
10285 0.0030453
10290 0.00304534
10295 0.00304538
10300 0.00304542
10305 0.00304545
10310 0.00304549
10315 0.00304553
10320 0.00304557
10325 0.00304561
10330 0.00304564
10335 0.00304568
10340 0.00304572
10345 0.00304576
10350 0.0030458
10355 0.00304583
10360 0.00304587
10365 0.00304591
10370 0.00304595
10375 0.00304598
10380 0.00304602
10385 0.00304606
10390 0.0030461
10395 0.00304614
10400 0.00304617
10405 0.00304621
10410 0.00304625
10415 0.00304629
10420 0.00304632
10425 0.00304636
10430 0.0030464
10435 0.00304644
10440 0.00304648
10445 0.00304651
10450 0.00304655
10455 0.00304659
10460 0.00304663
10465 0.00304667
10470 0.0030467
10475 0.00304674
10480 0.00304678
10485 0.00304682
10490 0.00304685
10495 0.00304689
10500 0.00304693
10505 0.00304697
10510 0.00304701
10515 0.00304704
10520 0.00304708
10525 0.00304712
10530 0.00304716
10535 0.00304719
10540 0.00304723
10545 0.00304727
10550 0.00304731
10555 0.00304735
10560 0.00304738
10565 0.00304742
10570 0.00304746
10575 0.0030475
10580 0.00304754
10585 0.00304757
10590 0.00304761
10595 0.00304765
10600 0.00304769
10605 0.00304772
10610 0.00304776
10615 0.0030478
10620 0.00304784
10625 0.00304788
10630 0.00304791
10635 0.00304795
10640 0.00304799
10645 0.00304803
10650 0.00304806
10655 0.0030481
10660 0.00304814
10665 0.00304818
10670 0.00304822
10675 0.00304825
10680 0.00304829
10685 0.00304833
10690 0.00304837
10695 0.00304841
10700 0.00304844
10705 0.00304848
10710 0.00304852
10715 0.00304856
10720 0.00304859
10725 0.00304863
10730 0.00304867
10735 0.00304871
10740 0.00304875
10745 0.00304878
10750 0.00304882
10755 0.00304886
10760 0.0030489
10765 0.00304893
10770 0.00304897
10775 0.00304901
10780 0.00304905
10785 0.00304909
10790 0.00304912
10795 0.00304916
10800 0.0030492
10805 0.00304924
10810 0.00304928
10815 0.00304931
10820 0.00304935
10825 0.00304939
10830 0.00304943
10835 0.00304946
10840 0.0030495
10845 0.00304954
10850 0.00304958
10855 0.00304962
10860 0.00304965
10865 0.00304969
10870 0.00304973
10875 0.00304977
10880 0.0030498
10885 0.00304984
10890 0.0030499
10895 0.0030598
10900 0.00308165
10905 0.00311627
10910 0.00317022
10915 0.00323767
10920 0.00331014
10925 0.00339407
10930 0.00348613
10935 0.00358344
10940 0.00368883
10945 0.00379719
10950 0.00390548
10955 0.00401781
10960 0.00413784
10965 0.00426824
10970 0.00431881
10975 0.00346796
10980 0.0025815
10985 0.0016777
10990 0.000740259
10995 0
