time	flux	flux_err	mag	mag_err	zp	band
-20.0	1.3190205227432465e-47	7.677736855517974e-49	96.354	0.063	-20.846	Megacam_g
-19.0	1.3991641505246538e-26	7.849969754551913e-28	43.79	0.061	-20.846	Megacam_g
-18.0	1.3653119204431812e-26	7.345479749803703e-28	43.816	0.058	-20.846	Megacam_g
-17.0	6.644591040806346e-22	3.461673008599887e-23	32.098	0.057	-20.846	Megacam_g
-16.0	3.2459362186814673e-20	1.6027125555889883e-21	27.876	0.054	-20.846	Megacam_g
-15.0	1.094190913291401e-19	5.090180200744682e-21	26.557	0.051	-20.846	Megacam_g
-14.0	2.2864585202020515e-19	9.89027353170402e-21	25.756	0.047	-20.846	Megacam_g
-13.0	3.88189215330165e-19	1.5518279539050048e-20	25.182	0.043	-20.846	Megacam_g
-12.0	5.841376830789656e-19	2.1299971363177155e-20	24.738	0.04	-20.846	Megacam_g
-11.0	8.145530218204205e-19	2.6664383805500613e-20	24.377	0.036	-20.846	Megacam_g
-10.0	1.0842829255851239e-18	3.1268004451275216e-20	24.066	0.031	-20.846	Megacam_g
-9.0	1.3727444045863682e-18	3.4075007412423824e-20	23.81	0.027	-20.846	Megacam_g
-8.0	1.6530597327089868e-18	3.4382879811380876e-20	23.609	0.023	-20.846	Megacam_g
-7.0	1.911167872708249e-18	3.2434716718155865e-20	23.451	0.018	-20.846	Megacam_g
-6.0	2.1443444292992955e-18	2.9186785676979827e-20	23.326	0.015	-20.846	Megacam_g
-5.0	2.3453552370698072e-18	2.583825638226269e-20	23.229	0.012	-20.846	Megacam_g
-4.0	2.5025230139115943e-18	2.3438011995903457e-20	23.158	0.01	-20.846	Megacam_g
-3.0	2.617671716679337e-18	2.2343045786978055e-20	23.109	0.009	-20.846	Megacam_g
-2.0	2.704485755045538e-18	2.2223383727213315e-20	23.074	0.009	-20.846	Megacam_g
-1.0	2.766815343582799e-18	2.2525561631153242e-20	23.049	0.009	-20.846	Megacam_g
0.0	2.8011221693019125e-18	2.2839092795768646e-20	23.036	0.009	-20.846	Megacam_g
1.0	2.8119445306082664e-18	2.3105815859549908e-20	23.032	0.009	-20.846	Megacam_g
2.0	2.800037038266794e-18	2.3332562242605663e-20	23.036	0.009	-20.846	Megacam_g
3.0	2.767517613214965e-18	2.3647488126932195e-20	23.049	0.009	-20.846	Megacam_g
4.0	2.725970762086604e-18	2.4531173751677305e-20	23.065	0.01	-20.846	Megacam_g
5.0	2.6748883801861384e-18	2.6477711050431914e-20	23.086	0.011	-20.846	Megacam_g
6.0	2.6070512645156725e-18	2.954594616921912e-20	23.114	0.012	-20.846	Megacam_g
7.0	2.5251782992015124e-18	3.3135484794950765e-20	23.149	0.014	-20.846	Megacam_g
8.0	2.4333203847815134e-18	3.629615705494404e-20	23.189	0.016	-20.846	Megacam_g
9.0	2.3324830148147053e-18	3.824288622322551e-20	23.235	0.018	-20.846	Megacam_g
10.0	2.2219561359077514e-18	3.854932924083768e-20	23.287	0.019	-20.846	Megacam_g
11.0	2.1039500303215328e-18	3.720071168056677e-20	23.347	0.019	-20.846	Megacam_g
12.0	1.9874083785148987e-18	3.4588137001736445e-20	23.409	0.019	-20.846	Megacam_g
13.0	1.875534833901919e-18	3.119808940652754e-20	23.471	0.018	-20.846	Megacam_g
14.0	1.7679953307864046e-18	2.7535055076615315e-20	23.536	0.017	-20.846	Megacam_g
15.0	1.6601451926880974e-18	2.39380981475843e-20	23.604	0.016	-20.846	Megacam_g
16.0	1.553590040040145e-18	2.1076279009590524e-20	23.676	0.015	-20.846	Megacam_g
17.0	1.4531027029342665e-18	1.9039812084607235e-20	23.749	0.014	-20.846	Megacam_g
18.0	1.3598595503758833e-18	1.7798433521561498e-20	23.821	0.014	-20.846	Megacam_g
19.0	1.2718946483829418e-18	1.714607918104617e-20	23.893	0.015	-20.846	Megacam_g
20.0	1.188190523654027e-18	1.6839492737530553e-20	23.967	0.015	-20.846	Megacam_g
21.0	1.1086999493244438e-18	1.6709541721539883e-20	24.042	0.016	-20.846	Megacam_g
22.0	1.035847971417695e-18	1.6712483267916263e-20	24.116	0.018	-20.846	Megacam_g
23.0	9.698832730880232e-19	1.686961001413013e-20	24.187	0.019	-20.846	Megacam_g
24.0	9.135659004194567e-19	1.7274589722836354e-20	24.252	0.021	-20.846	Megacam_g
25.0	8.621836282080677e-19	1.7833992165045943e-20	24.315	0.022	-20.846	Megacam_g
26.0	8.148199583410208e-19	1.8447126450143e-20	24.377	0.025	-20.846	Megacam_g
27.0	7.701008791985041e-19	1.896235750912079e-20	24.438	0.027	-20.846	Megacam_g
28.0	7.27046484323532e-19	1.925099528527229e-20	24.5	0.029	-20.846	Megacam_g
29.0	6.864610901369629e-19	1.9307732382835433e-20	24.563	0.031	-20.846	Megacam_g
30.0	6.477986556821816e-19	1.9105991199863723e-20	24.626	0.032	-20.846	Megacam_g
31.0	6.114576882334559e-19	1.868545289464438e-20	24.688	0.033	-20.846	Megacam_g
32.0	5.789188361981757e-19	1.8145498693651075e-20	24.748	0.034	-20.846	Megacam_g
33.0	5.481524342865652e-19	1.748993451733772e-20	24.807	0.035	-20.846	Megacam_g
34.0	5.191827230593922e-19	1.6791301392846187e-20	24.866	0.035	-20.846	Megacam_g
35.0	4.920954349232274e-19	1.6123613946117137e-20	24.924	0.036	-20.846	Megacam_g
36.0	4.6569405975348645e-19	1.5508321273673774e-20	24.984	0.036	-20.846	Megacam_g
37.0	4.409975700057021e-19	1.501633224637632e-20	25.043	0.037	-20.846	Megacam_g
38.0	4.1851810882638824e-19	1.467781490806098e-20	25.1	0.038	-20.846	Megacam_g
39.0	3.9831901358719834e-19	1.4486194125070696e-20	25.154	0.039	-20.846	Megacam_g
40.0	3.812319753365186e-19	1.4450835371479715e-20	25.201	0.041	-20.846	Megacam_g
41.0	3.6672468429558805e-19	1.4528273171203578e-20	25.243	0.043	-20.846	Megacam_g
42.0	3.536784555280556e-19	1.4654261353289555e-20	25.283	0.045	-20.846	Megacam_g
43.0	3.4121380148739267e-19	1.481276145350461e-20	25.322	0.047	-20.846	Megacam_g
44.0	3.298039527164242e-19	1.491487242934292e-20	25.359	0.049	-20.846	Megacam_g
45.0	3.1897565605747676e-19	1.4966367455877392e-20	25.395	0.051	-20.846	Megacam_g
46.0	3.082801308232281e-19	1.4931875184893152e-20	25.432	0.053	-20.846	Megacam_g
47.0	2.980323427624495e-19	1.4819588432184946e-20	25.469	0.054	-20.846	Megacam_g
48.0	2.8812125537044035e-19	1.462173959437822e-20	25.505	0.055	-20.846	Megacam_g
49.0	2.7846715422675652e-19	1.4337376712384182e-20	25.542	0.056	-20.846	Megacam_g
50.0	2.690778598506066e-19	1.3975559622968833e-20	25.58	0.056	-20.846	Megacam_g
51.0	2.6002186041755504e-19	1.3554292914719588e-20	25.617	0.057	-20.846	Megacam_g
52.0	2.5139962437818415e-19	1.3098377690870877e-20	25.653	0.057	-20.846	Megacam_g
53.0	2.432414986040157e-19	1.2632684056920616e-20	25.689	0.056	-20.846	Megacam_g
54.0	2.354963739069315e-19	1.2180292458530965e-20	25.724	0.056	-20.846	Megacam_g
55.0	2.2831596755737344e-19	1.1773548912344213e-20	25.758	0.056	-20.846	Megacam_g
56.0	2.2173437917240085e-19	1.143455334020337e-20	25.79	0.056	-20.846	Megacam_g
57.0	2.1577794905196994e-19	1.1177322503450624e-20	25.819	0.056	-20.846	Megacam_g
58.0	2.1045605269556232e-19	1.1006074136084911e-20	25.846	0.057	-20.846	Megacam_g
59.0	2.0575948582672938e-19	1.0915782939161534e-20	25.871	0.058	-20.846	Megacam_g
60.0	2.0165964566809974e-19	1.089367977908181e-20	25.893	0.059	-20.846	Megacam_g
61.0	1.9811208863684669e-19	1.0921887532417378e-20	25.912	0.06	-20.846	Megacam_g
62.0	1.951190135788151e-19	1.0984126768676245e-20	25.929	0.061	-20.846	Megacam_g
63.0	1.9255520795729565e-19	1.105551557900485e-20	25.943	0.062	-20.846	Megacam_g
64.0	1.90345385118367e-19	1.1117231121584406e-20	25.955	0.063	-20.846	Megacam_g
65.0	1.884187668530669e-19	1.1154650541664096e-20	25.966	0.064	-20.846	Megacam_g
66.0	1.8670731485450131e-19	1.1157854853447342e-20	25.976	0.065	-20.846	Megacam_g
67.0	1.8514903387245454e-19	1.1121780662458547e-20	25.985	0.065	-20.846	Megacam_g
68.0	1.8368691291323456e-19	1.1045834123587475e-20	25.994	0.065	-20.846	Megacam_g
69.0	1.8227191363635202e-19	1.0933524694489746e-20	26.002	0.065	-20.846	Megacam_g
70.0	1.808602647522073e-19	1.0791692727678519e-20	26.011	0.065	-20.846	Megacam_g
71.0	1.7941547612534498e-19	1.0629894124091414e-20	26.02	0.064	-20.846	Megacam_g
72.0	1.7801604012619288e-19	1.0460623102346946e-20	26.028	0.064	-20.846	Megacam_g
73.0	1.7641184211843928e-19	1.0293912578841073e-20	26.038	0.063	-20.846	Megacam_g
74.0	1.7469180387961927e-19	1.0141939070200163e-20	26.049	0.063	-20.846	Megacam_g
75.0	1.726818758641511e-19	1.0004935894999615e-20	26.061	0.063	-20.846	Megacam_g
76.0	1.7054594611031956e-19	9.897732643533163e-21	26.075	0.063	-20.846	Megacam_g
77.0	1.6828979828832313e-19	9.822966193926466e-21	26.089	0.063	-20.846	Megacam_g
78.0	1.659264510732063e-19	9.779897527803121e-21	26.104	0.064	-20.846	Megacam_g
79.0	1.6347310169679284e-19	9.764775681003905e-21	26.121	0.065	-20.846	Megacam_g
80.0	1.6094895076928314e-19	9.771588623001884e-21	26.138	0.066	-20.846	Megacam_g
81.0	1.583712746728148e-19	9.792908403975714e-21	26.155	0.067	-20.846	Megacam_g
82.0	1.557565393449754e-19	9.821136881095996e-21	26.173	0.068	-20.846	Megacam_g
83.0	1.5311911705899088e-19	9.849371323513678e-21	26.192	0.07	-20.846	Megacam_g
84.0	1.5047205354632032e-19	9.87193375864102e-21	26.211	0.071	-20.846	Megacam_g
85.0	1.4782601196431958e-19	9.884508812316294e-21	26.23	0.073	-20.846	Megacam_g
-20.0	1.3509372370155457e-47	8.489019638324784e-49	95.776	0.068	-21.398	Megacam_r
-19.0	1.4524858403983905e-26	8.920282960350027e-28	43.197	0.067	-21.398	Megacam_r
-18.0	1.5058517231797855e-26	9.034185990432923e-28	43.158	0.065	-21.398	Megacam_r
-17.0	3.822920509565469e-22	2.2314423372710604e-23	32.146	0.063	-21.398	Megacam_r
-16.0	1.9564238171137106e-20	1.1100175650786356e-21	27.874	0.062	-21.398	Megacam_r
-15.0	6.755540687816363e-20	3.715628571143409e-21	26.528	0.06	-21.398	Megacam_r
-14.0	1.444772340943965e-19	7.672124127783078e-21	25.703	0.058	-21.398	Megacam_r
-13.0	2.4746565783903833e-19	1.2668638327380635e-20	25.118	0.056	-21.398	Megacam_r
-12.0	3.7718136689599634e-19	1.856874862078126e-20	24.661	0.053	-21.398	Megacam_r
-11.0	5.322476917811533e-19	2.5132350516159587e-20	24.287	0.051	-21.398	Megacam_r
-10.0	7.012742152058707e-19	3.1583352013056106e-20	23.987	0.049	-21.398	Megacam_r
-9.0	8.695813584778245e-19	3.7222679548991515e-20	23.754	0.046	-21.398	Megacam_r
-8.0	1.0271091541708792e-18	4.178284975649187e-20	23.573	0.044	-21.398	Megacam_r
-7.0	1.1717811139756343e-18	4.5412689671329045e-20	23.43	0.042	-21.398	Megacam_r
-6.0	1.3004071187729514e-18	4.829525153068787e-20	23.317	0.04	-21.398	Megacam_r
-5.0	1.4112325436530638e-18	5.064455833035413e-20	23.228	0.039	-21.398	Megacam_r
-4.0	1.5049336870577472e-18	5.272443289009908e-20	23.158	0.038	-21.398	Megacam_r
-3.0	1.5799364115318453e-18	5.456778763122862e-20	23.106	0.037	-21.398	Megacam_r
-2.0	1.632398963921552e-18	5.595526684173441e-20	23.07	0.037	-21.398	Megacam_r
-1.0	1.664865769035423e-18	5.693300610890178e-20	23.049	0.037	-21.398	Megacam_r
0.0	1.6812514426514083e-18	5.761949853075021e-20	23.038	0.037	-21.398	Megacam_r
1.0	1.6826906386713434e-18	5.80395118464471e-20	23.037	0.037	-21.398	Megacam_r
2.0	1.6726886440017278e-18	5.833214014033905e-20	23.044	0.038	-21.398	Megacam_r
3.0	1.6529993625947608e-18	5.855849192094743e-20	23.057	0.038	-21.398	Megacam_r
4.0	1.620484163443863e-18	5.865659299857102e-20	23.078	0.039	-21.398	Megacam_r
5.0	1.5766480708408075e-18	5.856853803670811e-20	23.108	0.04	-21.398	Megacam_r
6.0	1.524425054129865e-18	5.818468838937837e-20	23.144	0.041	-21.398	Megacam_r
7.0	1.4645516550391511e-18	5.736764497820815e-20	23.188	0.043	-21.398	Megacam_r
8.0	1.399335816873836e-18	5.606899344126221e-20	23.237	0.044	-21.398	Megacam_r
9.0	1.3317597382442526e-18	5.430630951196035e-20	23.291	0.044	-21.398	Megacam_r
10.0	1.2618697773770546e-18	5.20406985703299e-20	23.35	0.045	-21.398	Megacam_r
11.0	1.1914889374608014e-18	4.9355257155881045e-20	23.412	0.045	-21.398	Megacam_r
12.0	1.120245526685932e-18	4.623555224736404e-20	23.479	0.045	-21.398	Megacam_r
13.0	1.0517859713363962e-18	4.299289475794469e-20	23.547	0.044	-21.398	Megacam_r
14.0	9.91289783325866e-19	4.0033158313348255e-20	23.612	0.044	-21.398	Megacam_r
15.0	9.466853158197964e-19	3.775956851182465e-20	23.662	0.043	-21.398	Megacam_r
16.0	9.167018613144098e-19	3.624648507827074e-20	23.697	0.043	-21.398	Megacam_r
17.0	8.985557670767382e-19	3.53494867133918e-20	23.718	0.043	-21.398	Megacam_r
18.0	8.890019479028925e-19	3.491905843365324e-20	23.73	0.043	-21.398	Megacam_r
19.0	8.864440012929625e-19	3.489403807773786e-20	23.733	0.043	-21.398	Megacam_r
20.0	8.883804424631752e-19	3.513336562957188e-20	23.731	0.043	-21.398	Megacam_r
21.0	8.920184753919023e-19	3.550981105048568e-20	23.726	0.043	-21.398	Megacam_r
22.0	8.93988774092718e-19	3.5915099903171254e-20	23.724	0.044	-21.398	Megacam_r
23.0	8.913070149880537e-19	3.62363194946256e-20	23.727	0.044	-21.398	Megacam_r
24.0	8.818731243523523e-19	3.64201866949944e-20	23.739	0.045	-21.398	Megacam_r
25.0	8.652931687673301e-19	3.642063028498564e-20	23.759	0.046	-21.398	Megacam_r
26.0	8.42450821460413e-19	3.623162136036018e-20	23.788	0.047	-21.398	Megacam_r
27.0	8.136713914721001e-19	3.580475171354453e-20	23.826	0.048	-21.398	Megacam_r
28.0	7.789838783216527e-19	3.5073895355568426e-20	23.873	0.049	-21.398	Megacam_r
29.0	7.413548370547444e-19	3.4094994522802076e-20	23.927	0.05	-21.398	Megacam_r
30.0	7.020817079809679e-19	3.28933938762244e-20	23.986	0.051	-21.398	Megacam_r
31.0	6.619954026169959e-19	3.14977660520385e-20	24.05	0.052	-21.398	Megacam_r
32.0	6.208019988433961e-19	2.990841438206177e-20	24.12	0.052	-21.398	Megacam_r
33.0	5.815677178879882e-19	2.829856784495981e-20	24.191	0.053	-21.398	Megacam_r
34.0	5.445794188464545e-19	2.6725503746584224e-20	24.262	0.053	-21.398	Megacam_r
35.0	5.099519975286685e-19	2.5238399950766194e-20	24.333	0.054	-21.398	Megacam_r
36.0	4.788140240799031e-19	2.3927423549826368e-20	24.402	0.054	-21.398	Megacam_r
37.0	4.506215744106242e-19	2.279464904548116e-20	24.468	0.055	-21.398	Megacam_r
38.0	4.2513492414637815e-19	2.1840582726454713e-20	24.531	0.056	-21.398	Megacam_r
39.0	4.0243096943492696e-19	2.1068352264312396e-20	24.59	0.057	-21.398	Megacam_r
40.0	3.8203356104583965e-19	2.0446128501892698e-20	24.647	0.058	-21.398	Megacam_r
41.0	3.6373708053122386e-19	1.9943677324625968e-20	24.7	0.06	-21.398	Megacam_r
42.0	3.472532821398684e-19	1.952647000454206e-20	24.751	0.061	-21.398	Megacam_r
43.0	3.3201402324937533e-19	1.91805873627759e-20	24.799	0.063	-21.398	Megacam_r
44.0	3.180193229346358e-19	1.882849188782011e-20	24.846	0.064	-21.398	Megacam_r
45.0	3.0477561520063465e-19	1.8466279186249255e-20	24.892	0.066	-21.398	Megacam_r
46.0	2.921480514163522e-19	1.8079305712593697e-20	24.938	0.067	-21.398	Megacam_r
47.0	2.7998491807510764e-19	1.7653898764203102e-20	24.984	0.068	-21.398	Megacam_r
48.0	2.682528475036932e-19	1.7188043963105492e-20	25.031	0.07	-21.398	Megacam_r
49.0	2.5718604818866653e-19	1.6701836422553544e-20	25.077	0.071	-21.398	Megacam_r
50.0	2.4687102999297244e-19	1.6207593245239243e-20	25.121	0.071	-21.398	Megacam_r
51.0	2.371355834928377e-19	1.5702614616819963e-20	25.165	0.072	-21.398	Megacam_r
52.0	2.2782808182529194e-19	1.5186528083117856e-20	25.208	0.072	-21.398	Megacam_r
53.0	2.1900805838680496e-19	1.467331948221667e-20	25.251	0.073	-21.398	Megacam_r
54.0	2.1096095270872155e-19	1.419168428286142e-20	25.292	0.073	-21.398	Megacam_r
55.0	2.034040781286758e-19	1.3732739046444946e-20	25.331	0.073	-21.398	Megacam_r
56.0	1.9634222363141643e-19	1.3303969314494428e-20	25.37	0.074	-21.398	Megacam_r
57.0	1.897785573318351e-19	1.291017698637617e-20	25.407	0.074	-21.398	Megacam_r
58.0	1.837076131444958e-19	1.2553173083559408e-20	25.442	0.074	-21.398	Megacam_r
59.0	1.7810822018593092e-19	1.2231650786124359e-20	25.475	0.075	-21.398	Megacam_r
60.0	1.7295119143798474e-19	1.1942240554341981e-20	25.507	0.075	-21.398	Megacam_r
61.0	1.681991345963196e-19	1.1679884768665968e-20	25.538	0.075	-21.398	Megacam_r
62.0	1.6382697456000467e-19	1.1439090602505652e-20	25.566	0.076	-21.398	Megacam_r
63.0	1.5975635796058853e-19	1.1211241799707311e-20	25.594	0.076	-21.398	Megacam_r
64.0	1.5593198279085137e-19	1.0988977801497845e-20	25.62	0.077	-21.398	Megacam_r
65.0	1.5230995693541403e-19	1.076665930754045e-20	25.645	0.077	-21.398	Megacam_r
66.0	1.488448686934202e-19	1.0539728527762815e-20	25.67	0.077	-21.398	Megacam_r
67.0	1.4549960545664393e-19	1.0305650609786759e-20	25.695	0.077	-21.398	Megacam_r
68.0	1.4223585878643152e-19	1.006310987384731e-20	25.72	0.077	-21.398	Megacam_r
69.0	1.3902485419894494e-19	9.812704835191681e-21	25.744	0.077	-21.398	Megacam_r
70.0	1.3583716556224727e-19	9.555890993224209e-21	25.77	0.076	-21.398	Megacam_r
71.0	1.3264719656354452e-19	9.295015673649954e-21	25.795	0.076	-21.398	Megacam_r
72.0	1.2949173671511062e-19	9.034860634281959e-21	25.822	0.076	-21.398	Megacam_r
73.0	1.2623094694019582e-19	8.774648853896336e-21	25.849	0.075	-21.398	Megacam_r
74.0	1.229478488107122e-19	8.5215026890299e-21	25.878	0.075	-21.398	Megacam_r
75.0	1.2013003007364051e-19	8.31311228210292e-21	25.903	0.075	-21.398	Megacam_r
76.0	1.1729534745754994e-19	8.11576031098585e-21	25.929	0.075	-21.398	Megacam_r
77.0	1.1444662798517962e-19	7.929804667388517e-21	25.956	0.075	-21.398	Megacam_r
78.0	1.115905094321567e-19	7.754792600915427e-21	25.983	0.075	-21.398	Megacam_r
79.0	1.0873282874050215e-19	7.589372428427476e-21	26.011	0.076	-21.398	Megacam_r
80.0	1.0588662148704178e-19	7.432224931762194e-21	26.04	0.076	-21.398	Megacam_r
81.0	1.030549575192647e-19	7.280988486658559e-21	26.07	0.077	-21.398	Megacam_r
82.0	1.0024757435196764e-19	7.133875880245766e-21	26.1	0.077	-21.398	Megacam_r
83.0	9.746725789269469e-20	6.988815817039778e-21	26.13	0.078	-21.398	Megacam_r
84.0	9.472094050978972e-20	6.84445675301873e-21	26.161	0.078	-21.398	Megacam_r
85.0	9.200914537982309e-20	6.699378516063085e-21	26.193	0.079	-21.398	Megacam_r
-20.0	1.2946080594570234e-47	9.301942746816358e-49	95.386	0.078	-21.834	Megacam_i
-19.0	1.4595250160171225e-26	1.0405243294045574e-27	42.755	0.077	-21.834	Megacam_i
-18.0	1.3330641082624926e-26	9.423393073263204e-28	42.854	0.077	-21.834	Megacam_i
-17.0	2.0264026445075058e-22	1.4160582838794243e-23	32.399	0.076	-21.834	Megacam_i
-16.0	1.0305990435258084e-20	7.133206189079346e-22	28.133	0.075	-21.834	Megacam_i
-15.0	3.553237808944467e-20	2.434828800455863e-21	26.789	0.074	-21.834	Megacam_i
-14.0	7.50494232217232e-20	5.085726734141858e-21	25.977	0.074	-21.834	Megacam_i
-13.0	1.302328035012915e-19	8.731091959229193e-21	25.379	0.073	-21.834	Megacam_i
-12.0	1.9992342738794704e-19	1.3257835019759122e-20	24.914	0.072	-21.834	Megacam_i
-11.0	2.8428128594015613e-19	1.864692016308943e-20	24.531	0.071	-21.834	Megacam_i
-10.0	3.7283201004826723e-19	2.419821575514567e-20	24.237	0.07	-21.834	Megacam_i
-9.0	4.573376616052374e-19	2.938644488346796e-20	24.015	0.07	-21.834	Megacam_i
-8.0	5.3420460087592735e-19	3.400397538143947e-20	23.847	0.069	-21.834	Megacam_i
-7.0	5.997523718349561e-19	3.7853009533644524e-20	23.721	0.069	-21.834	Megacam_i
-6.0	6.499903594712433e-19	4.07279932637729e-20	23.634	0.068	-21.834	Megacam_i
-5.0	6.825837423909474e-19	4.252330553940433e-20	23.58	0.068	-21.834	Megacam_i
-4.0	7.013267091534798e-19	4.3510428682305156e-20	23.551	0.067	-21.834	Megacam_i
-3.0	7.101338815063322e-19	4.3947756380930063e-20	23.538	0.067	-21.834	Megacam_i
-2.0	7.094735568228939e-19	4.386209735770184e-20	23.539	0.067	-21.834	Megacam_i
-1.0	6.985515935507255e-19	4.320473231413512e-20	23.555	0.067	-21.834	Megacam_i
0.0	6.821063308245442e-19	4.226999356328217e-20	23.581	0.067	-21.834	Megacam_i
1.0	6.621752766965282e-19	4.118009706491096e-20	23.613	0.068	-21.834	Megacam_i
2.0	6.408668697335203e-19	4.0060899997479246e-20	23.649	0.068	-21.834	Megacam_i
3.0	6.206205090254422e-19	3.904927607886984e-20	23.684	0.068	-21.834	Megacam_i
4.0	5.941915613360483e-19	3.7659713763329064e-20	23.731	0.069	-21.834	Megacam_i
5.0	5.642490358390821e-19	3.60365814064168e-20	23.787	0.069	-21.834	Megacam_i
6.0	5.367442040263251e-19	3.4542134855499954e-20	23.841	0.07	-21.834	Megacam_i
7.0	5.104959503727439e-19	3.3088599995739735e-20	23.896	0.07	-21.834	Megacam_i
8.0	4.840607219874307e-19	3.157267290833081e-20	23.954	0.071	-21.834	Megacam_i
9.0	4.575789484311187e-19	2.9997407455952794e-20	24.015	0.071	-21.834	Megacam_i
10.0	4.3038205209194634e-19	2.832044280813399e-20	24.081	0.071	-21.834	Megacam_i
11.0	4.0412029538123354e-19	2.66551614117913e-20	24.15	0.072	-21.834	Megacam_i
12.0	3.8451303981697035e-19	2.5384832521742164e-20	24.204	0.072	-21.834	Megacam_i
13.0	3.71482610765285e-19	2.4517377888616676e-20	24.241	0.072	-21.834	Megacam_i
14.0	3.6318821902365644e-19	2.3944160743176794e-20	24.266	0.072	-21.834	Megacam_i
15.0	3.5380580311303686e-19	2.3288272599887872e-20	24.294	0.071	-21.834	Megacam_i
16.0	3.481907708936358e-19	2.2883824493649452e-20	24.311	0.071	-21.834	Megacam_i
17.0	3.494947364266857e-19	2.2941945504117577e-20	24.307	0.071	-21.834	Megacam_i
18.0	3.571207186565225e-19	2.3427016815673157e-20	24.284	0.071	-21.834	Megacam_i
19.0	3.6719686103941776e-19	2.4085936849457028e-20	24.254	0.071	-21.834	Megacam_i
20.0	3.7977483670930303e-19	2.4925131463990892e-20	24.217	0.071	-21.834	Megacam_i
21.0	3.938203999687522e-19	2.587939985465451e-20	24.178	0.071	-21.834	Megacam_i
22.0	4.059186492061312e-19	2.6726223854041084e-20	24.145	0.071	-21.834	Megacam_i
23.0	4.147896890069887e-19	2.738267773277523e-20	24.121	0.072	-21.834	Megacam_i
24.0	4.1943306693561744e-19	2.7782967578810733e-20	24.109	0.072	-21.834	Megacam_i
25.0	4.2174499947694966e-19	2.805049659822494e-20	24.103	0.072	-21.834	Megacam_i
26.0	4.2172174929456895e-19	2.818053180895394e-20	24.103	0.073	-21.834	Megacam_i
27.0	4.1979719115530694e-19	2.819325312562637e-20	24.108	0.073	-21.834	Megacam_i
28.0	4.163387616784661e-19	2.81033064267535e-20	24.117	0.073	-21.834	Megacam_i
29.0	4.1016111894275017e-19	2.782489994706031e-20	24.133	0.074	-21.834	Megacam_i
30.0	4.011089447196131e-19	2.7340214322449867e-20	24.158	0.074	-21.834	Megacam_i
31.0	3.8916624747797993e-19	2.6643113523025823e-20	24.191	0.074	-21.834	Megacam_i
32.0	3.7468769984247175e-19	2.5755110402603918e-20	24.232	0.075	-21.834	Megacam_i
33.0	3.5812859927275395e-19	2.4711110588267877e-20	24.281	0.075	-21.834	Megacam_i
34.0	3.4012294187065553e-19	2.3558378184215916e-20	24.337	0.075	-21.834	Megacam_i
35.0	3.213589968305288e-19	2.2348775078963936e-20	24.398	0.076	-21.834	Megacam_i
36.0	3.003594619885933e-19	2.098289083665968e-20	24.472	0.076	-21.834	Megacam_i
37.0	2.792059315655554e-19	1.9605953454614937e-20	24.551	0.076	-21.834	Megacam_i
38.0	2.59309270368954e-19	1.8315979331085185e-20	24.631	0.077	-21.834	Megacam_i
39.0	2.412972616060312e-19	1.715583179277133e-20	24.709	0.077	-21.834	Megacam_i
40.0	2.25400672577022e-19	1.6140206468264812e-20	24.783	0.078	-21.834	Megacam_i
41.0	2.1153764193955591e-19	1.5262439772538105e-20	24.852	0.078	-21.834	Megacam_i
42.0	1.9956748334232517e-19	1.4511923805095403e-20	24.916	0.079	-21.834	Megacam_i
43.0	1.8933101680317424e-19	1.3884412097620213e-20	24.973	0.08	-21.834	Megacam_i
44.0	1.8071820897653742e-19	1.3357150443663318e-20	25.023	0.08	-21.834	Megacam_i
45.0	1.734740807383792e-19	1.2919759921614341e-20	25.068	0.081	-21.834	Megacam_i
46.0	1.6713537397838984e-19	1.2538430797150246e-20	25.108	0.081	-21.834	Megacam_i
47.0	1.6176265803887996e-19	1.2218322747721032e-20	25.144	0.082	-21.834	Megacam_i
48.0	1.5723807317327283e-19	1.1951440686177071e-20	25.174	0.083	-21.834	Megacam_i
49.0	1.532245170336255e-19	1.1712940754453974e-20	25.203	0.083	-21.834	Megacam_i
50.0	1.494129101959967e-19	1.1479829153629145e-20	25.23	0.083	-21.834	Megacam_i
51.0	1.4581896705731699e-19	1.1253956186265151e-20	25.256	0.084	-21.834	Megacam_i
52.0	1.4248014127152364e-19	1.1039062418880357e-20	25.281	0.084	-21.834	Megacam_i
53.0	1.3915148555461417e-19	1.0817064876791207e-20	25.307	0.084	-21.834	Megacam_i
54.0	1.3423219407549763e-19	1.0463910653423426e-20	25.346	0.085	-21.834	Megacam_i
55.0	1.2953997467105668e-19	1.0121653178440606e-20	25.385	0.085	-21.834	Megacam_i
56.0	1.2506419504118154e-19	9.790402568667179e-21	25.423	0.085	-21.834	Megacam_i
57.0	1.2080590322902187e-19	9.471015638782689e-21	25.461	0.085	-21.834	Megacam_i
58.0	1.167592060282585e-19	9.163726566607582e-21	25.498	0.085	-21.834	Megacam_i
59.0	1.1291696769116093e-19	8.868634659993545e-21	25.534	0.085	-21.834	Megacam_i
60.0	1.0927194387715776e-19	8.585797556484548e-21	25.57	0.085	-21.834	Megacam_i
61.0	1.0581152209381692e-19	8.314782617039569e-21	25.605	0.085	-21.834	Megacam_i
62.0	1.0266548807835272e-19	8.06625380687564e-21	25.637	0.085	-21.834	Megacam_i
63.0	9.969913702388569e-20	7.829898430404866e-21	25.669	0.085	-21.834	Megacam_i
64.0	9.688960466720386e-20	7.604103873971383e-21	25.7	0.085	-21.834	Megacam_i
65.0	9.42170752289613e-20	7.387459493678408e-21	25.731	0.085	-21.834	Megacam_i
66.0	9.16683172621603e-20	7.179089008640987e-21	25.76	0.085	-21.834	Megacam_i
67.0	8.923451665986537e-20	6.978519180962846e-21	25.79	0.085	-21.834	Megacam_i
68.0	8.68977435021876e-20	6.784636645942805e-21	25.818	0.085	-21.834	Megacam_i
69.0	8.466334711811794e-20	6.59822538323222e-21	25.847	0.085	-21.834	Megacam_i
70.0	8.252037274110885e-20	6.418853968818531e-21	25.874	0.084	-21.834	Megacam_i
71.0	8.046513951126858e-20	6.246697509896397e-21	25.902	0.084	-21.834	Megacam_i
72.0	7.851959966933716e-20	6.0831690559770794e-21	25.928	0.084	-21.834	Megacam_i
73.0	7.664906780121457e-20	5.927606424325498e-21	25.955	0.084	-21.834	Megacam_i
74.0	7.485736437315448e-20	5.779859991393522e-21	25.98	0.084	-21.834	Megacam_i
75.0	7.27310635775706e-20	5.608365944970837e-21	26.012	0.084	-21.834	Megacam_i
76.0	7.06525657880724e-20	5.4427162372289884e-21	26.043	0.084	-21.834	Megacam_i
77.0	6.862366777419801e-20	5.282999715362872e-21	26.075	0.084	-21.834	Megacam_i
78.0	6.66418898025745e-20	5.128845373156528e-21	26.106	0.084	-21.834	Megacam_i
79.0	6.470738388257443e-20	4.979995345965335e-21	26.138	0.084	-21.834	Megacam_i
80.0	6.282398662040353e-20	4.836431425071486e-21	26.171	0.084	-21.834	Megacam_i
81.0	6.099267980417258e-20	4.697900449860607e-21	26.203	0.084	-21.834	Megacam_i
82.0	5.921203683502994e-20	4.563979457297405e-21	26.235	0.084	-21.834	Megacam_i
83.0	5.748465984290198e-20	4.434587545043409e-21	26.267	0.084	-21.834	Megacam_i
84.0	5.581170365063827e-20	4.309576563657759e-21	26.299	0.084	-21.834	Megacam_i
85.0	5.418757729130358e-20	4.1883226453511454e-21	26.331	0.084	-21.834	Megacam_i
-20.0	1.2995687030494897e-47	9.365671797278099e-49	95.071	0.078	-22.144	Megacam_z
-19.0	1.1710910581324981e-26	8.375899924383309e-28	42.684	0.078	-22.144	Megacam_z
-18.0	1.352423999792084e-26	9.59497664418975e-28	42.528	0.077	-22.144	Megacam_z
-17.0	1.208965982748191e-22	8.504188064342919e-24	32.65	0.076	-22.144	Megacam_z
-16.0	6.2156809234325345e-21	4.333179424651558e-22	28.372	0.076	-22.144	Megacam_z
-15.0	2.1520037377722717e-20	1.4862487979527175e-21	27.024	0.075	-22.144	Megacam_z
-14.0	4.720227100614436e-20	3.226364908190466e-21	26.171	0.074	-22.144	Megacam_z
-13.0	8.146692461529581e-20	5.513145894623485e-21	25.578	0.073	-22.144	Megacam_z
-12.0	1.2487725010598885e-19	8.365554478536314e-21	25.115	0.073	-22.144	Megacam_z
-11.0	1.7370999516632115e-19	1.1518814208790687e-20	24.756	0.072	-22.144	Megacam_z
-10.0	2.198279291720246e-19	1.443084108025356e-20	24.501	0.071	-22.144	Megacam_z
-9.0	2.6851612903933683e-19	1.7456644801057154e-20	24.283	0.071	-22.144	Megacam_z
-8.0	3.2121570354662404e-19	2.069414716839412e-20	24.089	0.07	-22.144	Megacam_z
-7.0	3.7577396898536034e-19	2.401314892545069e-20	23.919	0.069	-22.144	Megacam_z
-6.0	4.246819359693979e-19	2.69521041916629e-20	23.786	0.069	-22.144	Megacam_z
-5.0	4.67372721535601e-19	2.9500250081719377e-20	23.682	0.069	-22.144	Megacam_z
-4.0	4.968229127211065e-19	3.123674734913371e-20	23.615	0.068	-22.144	Megacam_z
-3.0	5.106971002953649e-19	3.203236227406043e-20	23.585	0.068	-22.144	Megacam_z
-2.0	5.174171062314805e-19	3.242379482912903e-20	23.571	0.068	-22.144	Megacam_z
-1.0	5.204515934373876e-19	3.2631132137963226e-20	23.565	0.068	-22.144	Megacam_z
0.0	5.164930302155188e-19	3.2448546976266774e-20	23.573	0.068	-22.144	Megacam_z
1.0	5.056437377672683e-19	3.188019658110779e-20	23.596	0.068	-22.144	Megacam_z
2.0	4.891403337827075e-19	3.0994527225345764e-20	23.632	0.069	-22.144	Megacam_z
3.0	4.677424012375454e-19	2.9822136531797024e-20	23.681	0.069	-22.144	Megacam_z
4.0	4.515468175780785e-19	2.8989785474062593e-20	23.719	0.07	-22.144	Megacam_z
5.0	4.396163405999037e-19	2.843011199014818e-20	23.748	0.07	-22.144	Megacam_z
6.0	4.256681046575481e-19	2.772794457826402e-20	23.783	0.071	-22.144	Megacam_z
7.0	4.1145376152744345e-19	2.6984340059246082e-20	23.82	0.071	-22.144	Megacam_z
8.0	3.9918367002404956e-19	2.6335568484195615e-20	23.853	0.072	-22.144	Megacam_z
9.0	3.88801699072673e-19	2.5773756042165484e-20	23.882	0.072	-22.144	Megacam_z
10.0	3.7960138524024206e-19	2.5250750196639587e-20	23.908	0.072	-22.144	Megacam_z
11.0	3.7094726513535316e-19	2.472587279305054e-20	23.933	0.072	-22.144	Megacam_z
12.0	3.6181504399901707e-19	2.413554515925956e-20	23.96	0.072	-22.144	Megacam_z
13.0	3.532120925187403e-19	2.355445442980643e-20	23.986	0.072	-22.144	Megacam_z
14.0	3.465429109823514e-19	2.3085310947891287e-20	24.006	0.072	-22.144	Megacam_z
15.0	3.514531022037796e-19	2.3376278145275245e-20	23.991	0.072	-22.144	Megacam_z
16.0	3.6176463647513108e-19	2.4026799122453505e-20	23.96	0.072	-22.144	Megacam_z
17.0	3.71239971891496e-19	2.4626403774166644e-20	23.932	0.072	-22.144	Megacam_z
18.0	3.774685584132859e-19	2.502061612079952e-20	23.914	0.072	-22.144	Megacam_z
19.0	3.8617923017608875e-19	2.5592605417607785e-20	23.889	0.072	-22.144	Megacam_z
20.0	3.929217536243577e-19	2.60495565297305e-20	23.87	0.072	-22.144	Megacam_z
21.0	3.958066325054376e-19	2.6267544506854666e-20	23.862	0.072	-22.144	Megacam_z
22.0	3.9945806135264335e-19	2.6553995435442594e-20	23.852	0.072	-22.144	Megacam_z
23.0	4.0378312947439226e-19	2.6903883079636272e-20	23.84	0.072	-22.144	Megacam_z
24.0	4.1267301064925905e-19	2.757857949821425e-20	23.817	0.073	-22.144	Megacam_z
25.0	4.1934267802270666e-19	2.8126499377116733e-20	23.799	0.073	-22.144	Megacam_z
26.0	4.2343879781617963e-19	2.852035453470241e-20	23.789	0.073	-22.144	Megacam_z
27.0	4.2301818406648234e-19	2.8621840751664986e-20	23.79	0.073	-22.144	Megacam_z
28.0	4.1651951998761655e-19	2.8314490066839325e-20	23.807	0.074	-22.144	Megacam_z
29.0	4.0714372363661984e-19	2.780520701735838e-20	23.831	0.074	-22.144	Megacam_z
30.0	3.9484023252303216e-19	2.708367372119324e-20	23.865	0.074	-22.144	Megacam_z
31.0	3.800893226647726e-19	2.6178810093098092e-20	23.906	0.075	-22.144	Megacam_z
32.0	3.6524771521336015e-19	2.5252689359969668e-20	23.949	0.075	-22.144	Megacam_z
33.0	3.4751000904051354e-19	2.4113907064902048e-20	24.003	0.075	-22.144	Megacam_z
34.0	3.273393494844852e-19	2.2797158539401058e-20	24.068	0.076	-22.144	Megacam_z
35.0	3.052130057426754e-19	2.133860604219702e-20	24.144	0.076	-22.144	Megacam_z
36.0	2.8545013639326545e-19	2.0043252220510346e-20	24.217	0.076	-22.144	Megacam_z
37.0	2.6606328551089957e-19	1.877441590440951e-20	24.293	0.077	-22.144	Megacam_z
38.0	2.4644122478821764e-19	1.7488025998502957e-20	24.377	0.077	-22.144	Megacam_z
39.0	2.273504341705034e-19	1.623537187308246e-20	24.464	0.078	-22.144	Megacam_z
40.0	2.0995461213541457e-19	1.5096666229169875e-20	24.551	0.078	-22.144	Megacam_z
41.0	1.9401195873150548e-19	1.4052713844236203e-20	24.636	0.079	-22.144	Megacam_z
42.0	1.7941273598635057e-19	1.3094098385113039e-20	24.721	0.079	-22.144	Megacam_z
43.0	1.6612416632494664e-19	1.2223873166211402e-20	24.805	0.08	-22.144	Megacam_z
44.0	1.542716678989497e-19	1.143829637687856e-20	24.885	0.081	-22.144	Megacam_z
45.0	1.437926744260982e-19	1.0740275805466466e-20	24.962	0.081	-22.144	Megacam_z
46.0	1.347482194661124e-19	1.0135749079643319e-20	25.032	0.082	-22.144	Megacam_z
47.0	1.2695817696005203e-19	9.612917619542339e-21	25.097	0.082	-22.144	Megacam_z
48.0	1.2028899898538633e-19	9.163429314368753e-21	25.155	0.083	-22.144	Megacam_z
49.0	1.1403021795502088e-19	8.7346404091777e-21	25.213	0.083	-22.144	Megacam_z
50.0	1.0781095796748424e-19	8.29901272450872e-21	25.274	0.084	-22.144	Megacam_z
51.0	1.0168253722243864e-19	7.861283238386187e-21	25.338	0.084	-22.144	Megacam_z
52.0	9.562838336634129e-20	7.421129366603628e-21	25.404	0.084	-22.144	Megacam_z
53.0	9.008223830265814e-20	7.013330966560501e-21	25.469	0.085	-22.144	Megacam_z
54.0	8.7828129212064e-20	6.856510331219007e-21	25.497	0.085	-22.144	Megacam_z
55.0	8.566933441717024e-20	6.703139573515744e-21	25.524	0.085	-22.144	Megacam_z
56.0	8.363324363676999e-20	6.555833369564575e-21	25.55	0.085	-22.144	Megacam_z
57.0	8.17136547938336e-20	6.414498208573276e-21	25.575	0.085	-22.144	Megacam_z
58.0	7.990610216374783e-20	6.279140392786526e-21	25.599	0.085	-22.144	Megacam_z
59.0	7.820758934161436e-20	6.149875163095659e-21	25.623	0.085	-22.144	Megacam_z
60.0	7.65994779424684e-20	6.025582507785025e-21	25.645	0.085	-22.144	Megacam_z
61.0	7.506678788248237e-20	5.905401006471621e-21	25.667	0.085	-22.144	Megacam_z
62.0	7.282925946954844e-20	5.728217749768197e-21	25.7	0.085	-22.144	Megacam_z
63.0	7.06141742524985e-20	5.5514662328072266e-21	25.734	0.085	-22.144	Megacam_z
64.0	6.846647179905805e-20	5.3788347288213045e-21	25.767	0.085	-22.144	Megacam_z
65.0	6.639450999027658e-20	5.211104782496116e-21	25.801	0.085	-22.144	Megacam_z
66.0	6.440560950641796e-20	5.048983245009955e-21	25.834	0.085	-22.144	Megacam_z
67.0	6.249001857503401e-20	4.8918699320240435e-21	25.866	0.085	-22.144	Megacam_z
68.0	6.067249622672057e-20	4.7419094602152816e-21	25.898	0.085	-22.144	Megacam_z
69.0	5.892173329458327e-20	4.59690131157916e-21	25.93	0.085	-22.144	Megacam_z
70.0	5.725462512804035e-20	4.458449190109446e-21	25.961	0.085	-22.144	Megacam_z
71.0	5.567840921400862e-20	4.327414024574845e-21	25.992	0.084	-22.144	Megacam_z
72.0	5.419467105651579e-20	4.203700747569492e-21	26.021	0.084	-22.144	Megacam_z
73.0	5.2806165808159653e-20	4.088868989165778e-21	26.049	0.084	-22.144	Megacam_z
74.0	5.149249132821428e-20	3.981003643474782e-21	26.076	0.084	-22.144	Megacam_z
75.0	4.9865060491494534e-20	3.8502444935379246e-21	26.111	0.084	-22.144	Megacam_z
76.0	4.8292401910788344e-20	3.725166573576139e-21	26.146	0.084	-22.144	Megacam_z
77.0	4.676790746539854e-20	3.6052102933715636e-21	26.181	0.084	-22.144	Megacam_z
78.0	4.5299057204793105e-20	3.490820871974446e-21	26.216	0.084	-22.144	Megacam_z
79.0	4.389256345834877e-20	3.3823295645252133e-21	26.25	0.084	-22.144	Megacam_z
80.0	4.253732546553144e-20	3.2786700965691133e-21	26.284	0.084	-22.144	Megacam_z
81.0	4.1241736478958816e-20	3.1802745177020463e-21	26.318	0.084	-22.144	Megacam_z
82.0	4.000696885000553e-20	3.0870313749595095e-21	26.351	0.084	-22.144	Megacam_z
83.0	3.8835402439792734e-20	2.9989464001076334e-21	26.383	0.084	-22.144	Megacam_z
84.0	3.772570445122618e-20	2.9157683439339687e-21	26.414	0.084	-22.144	Megacam_z
85.0	3.6696478130350115e-20	2.838818773486874e-21	26.444	0.084	-22.144	Megacam_z
