18500.0	0.0
18510.0	0.1133
18520.0	0.0923
18530.0	0.0050
18540.0	-0.0550
18550.0	0.0519
18560.0	0.1010
18570.0	-0.0050
18580.0	-0.0080
18590.0	0.0331
18600.0	0.0218
18610.0	0.0056
18620.0	-0.0660
18630.0	0.0160
18640.0	0.1108
18650.0	0.0377
18660.0	0.0712
18670.0	0.1264
18680.0	-0.0010
18690.0	-0.1360
18700.0	-0.0800
18710.0	0.0850
18720.0	0.0349
18730.0	-0.0410
18740.0	0.0121
18750.0	0.0008
18760.0	0.0271
18770.0	0.1188
18780.0	0.1517
18790.0	0.0755
18800.0	-0.0360
18810.0	0.0267
18820.0	0.0667
18830.0	0.0346
18840.0	0.0707
18850.0	0.0615
18860.0	0.0174
18870.0	0.1096
18880.0	0.1231
18890.0	0.0566
18900.0	0.0537
18910.0	0.0210
18920.0	0.0530
18930.0	0.1015
18940.0	0.2008
18950.0	0.1455
18960.0	0.1063
18970.0	0.1021
18980.0	-0.0240
18990.0	0.1328
19000.0	0.2281
19010.0	0.2166
19020.0	0.2027
19030.0	0.1844
19040.0	0.1846
19050.0	0.1460
19060.0	0.1200
19070.0	0.0329
19080.0	0.0801
19090.0	0.1555
19100.0	0.1741
19110.0	0.2046
19120.0	0.2456
19130.0	0.1091
19140.0	0.1262
19150.0	0.2274
19160.0	0.3093
19170.0	0.3389
19180.0	0.3369
19190.0	0.3436
19200.0	0.3025
19210.0	0.4340
19220.0	0.4707
19230.0	0.3666
19240.0	0.5718
19250.0	0.6515
19260.0	0.5738
19270.0	0.5953
19280.0	0.7580
19290.0	0.8632
19300.0	0.9318
19310.0	0.8624
19320.0	0.8906
19330.0	0.9129
19340.0	1.0218
19350.0	1.0223
19360.0	1.0903
19370.0	1.2344
19380.0	1.3214
19390.0	1.6507
19400.0	1.7571
19410.0	1.7276
19420.0	1.6384
19430.0	1.6079
19440.0	1.9199
19450.0	2.0101
19460.0	2.2213
19470.0	2.3513
19480.0	2.4623
19490.0	2.5908
19500.0	2.8987
19510.0	3.0738
19520.0	3.1819
19530.0	3.4743
19540.0	3.6861
19550.0	3.7143
19560.0	4.0057
19570.0	4.3516
19580.0	4.7412
19590.0	5.0775
19600.0	5.3992
19610.0	6.0281
19620.0	6.5784
19630.0	7.0465
19640.0	7.4707
19650.0	7.6885
19660.0	8.3109
19670.0	9.0237
19680.0	9.5727
19690.0	10.2370
19700.0	10.7930
19710.0	11.9680
19720.0	12.7260
19730.0	13.6000
19740.0	14.7350
19750.0	15.5490
19760.0	16.9390
19770.0	18.2430
19780.0	19.6610
19790.0	21.1390
19800.0	21.9480
19810.0	23.8890
19820.0	25.6280
19830.0	27.2860
19840.0	29.4300
19850.0	30.5990
19860.0	33.0820
19870.0	35.1280
19880.0	37.1470
19890.0	40.0500
19900.0	41.5700
19910.0	44.6390
19920.0	46.5130
19930.0	48.9180
19940.0	52.2730
19950.0	53.6150
19960.0	56.7040
19970.0	58.7180
19980.0	60.4430
19990.0	63.8080
20000.0	64.2800
20010.0	67.6890
20020.0	69.5520
20030.0	70.3880
20040.0	73.5500
20050.0	73.6830
20060.0	75.8440
20070.0	77.7710
20080.0	77.4620
20090.0	80.1440
20100.0	79.7580
20110.0	80.8930
20120.0	82.4380
20130.0	81.6270
20140.0	83.5400
20150.0	83.3190
20160.0	83.1520
20170.0	85.1300
20180.0	83.6690
20190.0	84.8250
20200.0	85.2860
20210.0	84.1160
20220.0	85.7160
20230.0	84.9900
20240.0	84.6920
20250.0	86.3110
20260.0	84.7770
20270.0	85.8270
20280.0	85.9790
20290.0	84.7530
20300.0	86.5040
20310.0	85.3820
20320.0	85.3470
20330.0	86.4530
20340.0	84.9810
20350.0	86.1540
20360.0	85.8140
20370.0	84.8410
20380.0	86.6090
20390.0	85.3230
20400.0	85.8570
20410.0	86.5040
20420.0	85.1160
20430.0	86.7150
20440.0	86.0650
20450.0	85.4310
20460.0	87.1920
20470.0	85.8720
20480.0	86.6500
20490.0	87.2050
20500.0	86.0140
20510.0	87.4120
20520.0	87.0870
20530.0	86.5580
20540.0	88.0040
20550.0	86.9750
20560.0	87.4740
20570.0	88.3440
20580.0	87.1830
20590.0	88.4640
20600.0	88.4090
20610.0	87.5530
20620.0	88.9510
20630.0	88.2810
20640.0	88.2690
20650.0	89.4840
20660.0	88.2850
20670.0	88.9610
20680.0	89.6410
20690.0	88.5210
20700.0	89.7930
20710.0	89.7040
20720.0	89.1070
20730.0	90.3830
20740.0	89.5880
20750.0	89.7650
20760.0	90.7490
20770.0	89.6890
20780.0	90.5410
20790.0	90.7590
20800.0	89.8840
20810.0	91.0780
20820.0	90.6650
20830.0	90.3370
20840.0	91.4950
20850.0	90.5840
20860.0	90.8860
20870.0	91.6330
20880.0	90.4890
20890.0	91.2950
20900.0	91.6410
20910.0	90.7420
20920.0	91.9410
20930.0	91.7040
20940.0	90.9900
20950.0	92.4300
20960.0	91.9260
20970.0	91.5080
20980.0	92.5170
20990.0	91.5120
21000.0	91.6710
21010.0	92.5150
21020.0	91.6100
21030.0	92.2490
21040.0	92.6690
21050.0	91.5880
21060.0	92.3700
21070.0	92.4120
21080.0	91.6740
21090.0	93.1120
21100.0	92.6820
21110.0	91.7290
21120.0	92.7290
21130.0	91.9780
21140.0	91.9430
21150.0	92.8770
21160.0	91.9130
21170.0	92.2450
21180.0	92.8790
21190.0	91.5150
21200.0	92.2590
21210.0	92.7590
21220.0	91.8600
21230.0	92.6500
21240.0	92.4810
21250.0	91.8060
21260.0	92.8900
21270.0	92.5580
21280.0	92.0430
21290.0	93.0430
21300.0	92.2100
21310.0	91.9020
21320.0	92.9800
21330.0	92.2650
21340.0	92.1440
21350.0	93.2840
21360.0	92.3240
21370.0	92.1290
21380.0	92.9970
21390.0	92.2510
21400.0	92.4110
21410.0	92.9420
21420.0	91.8690
21430.0	92.1000
21440.0	92.8910
21450.0	91.8590
21460.0	92.1110
21470.0	93.1290
21480.0	92.0710
21490.0	92.4100
21500.0	92.8580
21510.0	91.6580
21520.0	92.1530
21530.0	92.6280
21540.0	91.7620
21550.0	92.3600
21560.0	92.3950
21570.0	91.5840
21580.0	92.6200
21590.0	92.7250
21600.0	91.7700
21610.0	92.5650
21620.0	92.2870
21630.0	91.6610
21640.0	92.6770
21650.0	92.6290
21660.0	91.6060
21670.0	92.5220
21680.0	92.5300
21690.0	91.7810
21700.0	92.6580
21710.0	92.6460
21720.0	91.9650
21730.0	92.7090
21740.0	92.6070
21750.0	91.8430
21760.0	92.8460
21770.0	92.8220
21780.0	92.0680
21790.0	92.7580
21800.0	93.0330
21810.0	92.0740
21820.0	92.8030
21830.0	93.0990
21840.0	92.3630
21850.0	92.9750
21860.0	93.0910
21870.0	92.4020
21880.0	93.2050
21890.0	93.7570
21900.0	92.5410
21910.0	93.0610
21920.0	93.4290
21930.0	92.6150
21940.0	93.2180
21950.0	93.6770
21960.0	92.8910
21970.0	93.2710
21980.0	93.7900
21990.0	93.0730
22000.0	93.1530
22010.0	94.0830
22020.0	93.3820
22030.0	93.5190
22040.0	93.8240
22050.0	93.1730
22060.0	93.3260
22070.0	93.9580
22080.0	93.4770
22090.0	93.3110
22100.0	93.9130
22110.0	93.3910
22120.0	93.0710
22130.0	94.1800
22140.0	93.4880
22150.0	93.0880
22160.0	93.6440
22170.0	93.7310
22180.0	92.9450
22190.0	93.3010
22200.0	93.6880
22210.0	92.8660
22220.0	93.1290
22230.0	93.5540
22240.0	93.0960
22250.0	92.9470
22260.0	93.3440
22270.0	92.7680
22280.0	92.5340
22290.0	93.2670
22300.0	92.9180
22310.0	92.4800
22320.0	92.8320
22330.0	92.5820
22340.0	92.1540
22350.0	92.6330
22360.0	92.5920
22370.0	92.1760
22380.0	92.4910
22390.0	92.5170
22400.0	91.8140
22410.0	91.9000
22420.0	92.5170
22430.0	92.0830
22440.0	91.9930
22450.0	92.3220
22460.0	91.9450
22470.0	91.9370
22480.0	92.3690
22490.0	92.0040
22500.0	91.7920
22510.0	92.2830
22520.0	92.5480
22530.0	92.1170
22540.0	92.2700
22550.0	92.5940
22560.0	92.3190
22570.0	92.3220
22580.0	92.9290
22590.0	92.5260
22600.0	92.4890
22610.0	92.9450
22620.0	92.9610
22630.0	92.9530
22640.0	93.2070
22650.0	93.3040
22660.0	93.0760
22670.0	93.4100
22680.0	93.5210
22690.0	93.2970
22700.0	93.3500
22710.0	93.2890
22720.0	93.1020
22730.0	92.9240
22740.0	92.8000
22750.0	92.3820
22760.0	91.9290
22770.0	91.6420
22780.0	91.1170
22790.0	90.2240
22800.0	89.5120
22810.0	88.7950
22820.0	87.6430
22830.0	86.5010
22840.0	85.3130
22850.0	83.7630
22860.0	82.0540
22870.0	80.4310
22880.0	78.6170
22890.0	76.6790
22900.0	74.6740
22910.0	72.5360
22920.0	70.1690
22930.0	67.7320
22940.0	65.3000
22950.0	62.8100
22960.0	60.2460
22970.0	57.8430
22980.0	55.2890
22990.0	52.8050
23000.0	50.2860
23010.0	47.8120
23020.0	45.2530
23030.0	42.9980
23040.0	40.7900
23050.0	38.2580
23060.0	36.1410
23070.0	34.0510
23080.0	32.0870
23090.0	30.1390
23100.0	28.3010
23110.0	26.5300
23120.0	24.7680
23130.0	23.1980
23140.0	21.6580
23150.0	20.1810
23160.0	18.9020
23170.0	17.7090
23180.0	16.5000
23190.0	15.4730
23200.0	14.4680
23210.0	13.5730
23220.0	12.7190
23230.0	11.9160
23240.0	11.1930
23250.0	10.4560
23260.0	9.8507
23270.0	9.2965
23280.0	8.7366
23290.0	8.1925
23300.0	7.6645
23310.0	7.1447
23320.0	6.6398
23330.0	6.2585
23340.0	5.8830
23350.0	5.4297
23360.0	5.0968
23370.0	4.8127
23380.0	4.4645
23390.0	4.1688
23400.0	3.9438
23410.0	3.7530
23420.0	3.5529
23430.0	3.3971
23440.0	3.2676
23450.0	3.1080
23460.0	2.9333
23470.0	2.8023
23480.0	2.7090
23490.0	2.5615
23500.0	2.4059
23510.0	2.2604
23520.0	2.0962
23530.0	1.9654
23540.0	1.8883
23550.0	1.8009
23560.0	1.6438
23570.0	1.5283
23580.0	1.4765
23590.0	1.4328
23600.0	1.3975
23610.0	1.3395
23620.0	1.2048
23630.0	1.1132
23640.0	1.0883
23650.0	1.0320
23660.0	0.9807
23670.0	0.9767
23680.0	0.8961
23690.0	0.8579
23700.0	0.9238
23710.0	0.8881
23720.0	0.8514
23730.0	0.8500
23740.0	0.7366
23750.0	0.5766
23760.0	0.5037
23770.0	0.4876
23780.0	0.4537
23790.0	0.4424
23800.0	0.4165
23810.0	0.3478
23820.0	0.4195
23830.0	0.4621
23840.0	0.3875
23850.0	0.3789
23860.0	0.3774
23870.0	0.3741
23880.0	0.4201
23890.0	0.4567
23900.0	0.4271
23910.0	0.3474
23920.0	0.2594
23930.0	0.2330
23940.0	0.1803
23950.0	0.1796
23960.0	0.2146
23970.0	0.1897
23980.0	0.1499
23990.0	0.1446
24000.0	0.1055
24010.0	0.2823
24020.0	0.3109
24030.0	0.1847
24040.0	0.1919
24050.0	0.2258
24060.0	0.2618
24070.0	0.2606
24080.0	0.1655
24090.0	0.1916
24100.0	0.1958
24110.0	0.1500
24120.0	0.1237
24130.0	0.0773
24140.0	0.0572
24150.0	0.0260
24160.0	0.0280
24170.0	0.0656
24180.0	0.0430
24190.0	0.0612
24200.0	0.1051
24210.0	0.0821
24220.0	0.0563
24230.0	0.1872
24240.0	0.2695
24250.0	0.1852
24260.0	0.0840
24270.0	-0.0060
24280.0	0.0436
24290.0	0.0462
24300.0	0.0
