14200.0	0.0
14210.0	0.0596
14220.0	0.1146
14230.0	0.0020
14240.0	0.0836
14250.0	0.1698
14260.0	0.1580
14270.0	0.1106
14280.0	-0.0120
14290.0	0.0558
14300.0	0.0821
14310.0	0.1479
14320.0	0.0924
14330.0	0.2295
14340.0	0.1479
14350.0	0.1562
14360.0	0.1779
14370.0	0.2277
14380.0	0.2401
14390.0	0.3021
14400.0	0.3063
14410.0	0.2793
14420.0	0.2633
14430.0	0.2436
14440.0	0.2887
14450.0	0.3666
14460.0	0.4107
14470.0	0.4528
14480.0	0.4152
14490.0	0.2479
14500.0	0.4827
14510.0	0.5627
14520.0	0.5117
14530.0	0.4975
14540.0	0.3983
14550.0	0.6724
14560.0	0.6780
14570.0	0.7285
14580.0	0.7516
14590.0	0.8875
14600.0	0.9238
14610.0	1.0095
14620.0	0.9817
14630.0	0.9654
14640.0	1.0953
14650.0	1.2660
14660.0	1.4414
14670.0	1.4773
14680.0	1.6973
14690.0	1.7678
14700.0	2.0131
14710.0	2.2561
14720.0	2.3878
14730.0	2.6577
14740.0	3.0127
14750.0	3.2411
14760.0	3.5526
14770.0	3.9811
14780.0	4.3953
14790.0	4.9686
14800.0	5.5056
14810.0	6.1373
14820.0	6.9916
14830.0	7.8400
14840.0	8.7439
14850.0	9.9695
14860.0	10.9680
14870.0	12.4630
14880.0	14.1090
14890.0	15.7990
14900.0	17.7160
14910.0	19.8960
14920.0	22.4160
14930.0	25.0050
14940.0	27.9440
14950.0	31.0050
14960.0	34.4520
14970.0	38.1140
14980.0	42.2830
14990.0	46.1760
15000.0	50.0900
15010.0	54.6480
15020.0	58.6200
15030.0	62.6340
15040.0	67.1020
15050.0	70.8730
15060.0	74.0880
15070.0	77.8720
15080.0	80.6880
15090.0	82.5640
15100.0	85.4810
15110.0	87.1950
15120.0	88.1380
15130.0	89.5870
15140.0	90.4410
15150.0	90.1970
15160.0	90.5610
15170.0	90.8270
15180.0	90.0470
15190.0	89.7210
15200.0	89.7530
15210.0	88.5800
15220.0	87.9510
15230.0	87.8560
15240.0	86.8250
15250.0	86.0660
15260.0	86.1900
15270.0	85.2490
15280.0	84.6340
15290.0	84.8210
15300.0	84.1040
15310.0	83.7320
15320.0	84.2690
15330.0	83.6860
15340.0	83.5400
15350.0	84.1530
15360.0	83.6940
15370.0	83.9480
15380.0	84.6310
15390.0	84.2460
15400.0	84.9040
15410.0	85.5500
15420.0	85.3740
15430.0	86.2790
15440.0	86.6960
15450.0	86.6640
15460.0	87.7650
15470.0	87.9860
15480.0	88.1150
15490.0	89.2690
15500.0	89.2630
15510.0	89.5030
15520.0	90.5270
15530.0	90.2940
15540.0	90.7640
15550.0	91.5340
15560.0	91.1530
15570.0	91.7060
15580.0	92.2320
15590.0	91.6030
15600.0	92.4020
15610.0	92.6380
15620.0	92.0380
15630.0	92.7230
15640.0	92.4140
15650.0	92.2240
15660.0	92.8440
15670.0	92.2420
15680.0	92.3080
15690.0	92.6870
15700.0	92.0060
15710.0	92.4410
15720.0	92.3560
15730.0	91.9120
15740.0	92.4830
15750.0	92.0180
15760.0	91.9420
15770.0	92.3290
15780.0	91.7960
15790.0	92.1670
15800.0	92.0390
15810.0	91.8450
15820.0	92.3670
15830.0	91.8000
15840.0	92.0970
15850.0	92.1310
15860.0	91.7440
15870.0	92.2490
15880.0	91.7260
15890.0	91.8540
15900.0	91.9910
15910.0	91.4250
15920.0	92.1730
15930.0	91.8140
15940.0	91.5230
15950.0	91.9180
15960.0	91.2760
15970.0	91.6310
15980.0	91.5040
15990.0	91.1760
16000.0	91.6540
16010.0	91.0280
16020.0	91.1760
16030.0	91.2320
16040.0	90.8130
16050.0	91.2350
16060.0	90.5920
16070.0	90.7910
16080.0	90.9350
16090.0	90.3840
16100.0	90.7270
16110.0	90.2700
16120.0	90.4790
16130.0	90.4520
16140.0	90.1240
16150.0	90.4840
16160.0	89.9520
16170.0	90.3650
16180.0	90.2550
16190.0	89.9960
16200.0	90.3670
16210.0	89.9190
16220.0	90.3020
16230.0	90.0290
16240.0	90.2460
16250.0	90.2480
16260.0	90.0580
16270.0	90.6070
16280.0	90.0950
16290.0	90.5690
16300.0	90.3860
16310.0	90.3270
16320.0	90.6270
16330.0	90.3150
16340.0	90.8610
16350.0	90.4130
16360.0	90.7090
16370.0	90.7650
16380.0	90.4970
16390.0	91.0650
16400.0	90.5070
16410.0	91.2990
16420.0	91.0860
16430.0	90.8070
16440.0	91.2490
16450.0	90.8390
16460.0	91.4650
16470.0	90.9830
16480.0	91.4450
16490.0	91.4080
16500.0	91.2980
16510.0	91.7780
16520.0	91.2860
16530.0	91.9520
16540.0	91.3600
16550.0	91.8950
16560.0	91.6910
16570.0	91.8640
16580.0	92.1080
16590.0	91.8350
16600.0	92.5350
16610.0	91.9860
16620.0	92.7330
16630.0	92.1490
16640.0	92.7250
16650.0	92.5240
16660.0	92.7770
16670.0	93.0490
16680.0	92.6750
16690.0	93.5720
16700.0	92.7330
16710.0	93.5620
16720.0	93.1300
16730.0	93.8510
16740.0	93.5940
16750.0	93.6680
16760.0	94.2140
16770.0	93.7300
16780.0	94.4480
16790.0	93.7550
16800.0	94.6010
16810.0	94.0200
16820.0	94.5700
16830.0	94.4350
16840.0	94.3720
16850.0	94.7850
16860.0	94.3060
16870.0	94.9990
16880.0	94.3820
16890.0	95.4650
16900.0	94.3690
16910.0	95.0480
16920.0	94.5020
16930.0	95.0450
16940.0	94.7800
16950.0	94.7020
16960.0	95.0030
16970.0	94.6610
16980.0	95.1560
16990.0	94.6110
17000.0	95.2100
17010.0	94.5230
17020.0	95.1400
17030.0	94.3910
17040.0	95.2320
17050.0	94.4740
17060.0	95.1040
17070.0	94.5720
17080.0	94.9820
17090.0	94.7780
17100.0	94.7840
17110.0	94.9560
17120.0	94.7320
17130.0	95.0000
17140.0	94.5270
17150.0	95.1280
17160.0	94.5580
17170.0	95.1540
17180.0	94.4090
17190.0	95.1290
17200.0	94.4300
17210.0	94.9160
17220.0	94.4310
17230.0	94.7540
17240.0	94.5330
17250.0	94.5840
17260.0	94.5390
17270.0	94.3670
17280.0	94.4680
17290.0	94.1370
17300.0	94.4230
17310.0	94.0240
17320.0	94.5360
17330.0	93.7110
17340.0	94.0960
17350.0	93.4220
17360.0	94.1810
17370.0	93.2640
17380.0	93.7620
17390.0	93.0540
17400.0	93.3240
17410.0	92.8110
17420.0	92.9820
17430.0	92.3830
17440.0	92.6590
17450.0	92.0910
17460.0	92.3500
17470.0	91.7350
17480.0	91.9450
17490.0	91.3450
17500.0	91.6640
17510.0	90.9180
17520.0	91.1250
17530.0	90.5420
17540.0	90.6860
17550.0	90.2030
17560.0	90.3580
17570.0	89.7500
17580.0	89.8460
17590.0	89.3550
17600.0	89.3600
17610.0	88.7930
17620.0	88.7400
17630.0	88.1800
17640.0	87.9640
17650.0	87.4560
17660.0	87.2310
17670.0	86.6010
17680.0	86.2330
17690.0	85.4130
17700.0	85.1060
17710.0	84.1770
17720.0	83.5200
17730.0	82.6760
17740.0	81.7730
17750.0	80.6480
17760.0	79.5120
17770.0	78.1280
17780.0	76.8780
17790.0	75.2210
17800.0	73.7530
17810.0	71.9050
17820.0	69.8050
17830.0	67.7080
17840.0	65.4690
17850.0	63.1330
17860.0	60.8040
17870.0	58.4490
17880.0	55.6940
17890.0	53.1350
17900.0	50.5140
17910.0	47.6670
17920.0	45.0440
17930.0	42.2280
17940.0	39.4930
17950.0	36.9950
17960.0	34.4150
17970.0	32.2130
17980.0	29.6850
17990.0	27.6480
18000.0	25.4900
18010.0	23.5180
18020.0	21.6270
18030.0	19.9440
18040.0	18.2080
18050.0	16.8460
18060.0	15.3480
18070.0	14.1570
18080.0	13.0670
18090.0	11.9660
18100.0	11.0480
18110.0	10.0540
18120.0	9.2229
18130.0	8.4464
18140.0	7.9523
18150.0	7.2897
18160.0	6.6755
18170.0	6.1063
18180.0	5.5639
18190.0	5.0554
18200.0	4.7180
18210.0	4.2827
18220.0	3.8582
18230.0	3.7087
18240.0	3.3558
18250.0	3.0698
18260.0	2.8302
18270.0	2.6804
18280.0	2.5557
18290.0	2.3581
18300.0	2.1339
18310.0	1.8867
18320.0	1.8091
18330.0	1.8694
18340.0	1.5903
18350.0	1.4968
18360.0	1.4490
18370.0	1.2759
18380.0	1.1616
18390.0	1.0433
18400.0	0.9995
18410.0	1.0292
18420.0	0.9889
18430.0	0.8268
18440.0	0.7483
18450.0	0.7963
18460.0	0.8404
18470.0	0.7333
18480.0	0.6310
18490.0	0.6155
18500.0	0.5962
18510.0	0.5038
18520.0	0.4815
18530.0	0.4381
18540.0	0.4089
18550.0	0.4315
18560.0	0.4607
18570.0	0.4119
18580.0	0.2454
18590.0	0.2147
18600.0	0.3187
18610.0	0.2705
18620.0	0.2308
18630.0	0.2605
18640.0	0.2144
18650.0	0.2537
18660.0	0.2327
18670.0	0.0000
18680.0	0.0609
18690.0	0.3088
18700.0	0.2907
18710.0	0.1935
18720.0	0.1577
18730.0	0.1578
18740.0	0.1518
18750.0	0.1135
18760.0	0.0778
18770.0	0.1753
18780.0	0.2779
18790.0	0.2146
18800.0	0.1036
18810.0	0.1162
18820.0	0.1009
18830.0	0.0113
18840.0	0.0860
18850.0	0.1011
18860.0	0.0646
18870.0	0.0677
18880.0	0.1023
18890.0	0.0525
18900.0	0.0283
18910.0	0.0333
18920.0	0.0554
18930.0	0.0654
18940.0	0.0984
18950.0	0.1124
18960.0	0.0607
18970.0	0.0686
18980.0	0.1112
18990.0	0.0826
19000.0	0.1016
19010.0	0.0584
19020.0	0.0575
19030.0	0.0548
19040.0	0.0522
19050.0	0.0487
19060.0	0.0480
19070.0	0.0464
19080.0	0.0462
19090.0	0.0442
19100.0	0.0418
19110.0	0.0384
19120.0	0.0385
19130.0	0.0372
19140.0	0.0376
19150.0	0.0358
19160.0	0.0335
19170.0	0.0305
19180.0	0.0308
19190.0	0.0287
19200.0	0.0293
19210.0	0.0279
19220.0	0.0273
19230.0	0.0244
19240.0	0.0247
19250.0	0.0233
19260.0	0.0244
19270.0	0.0226
19280.0	0.0216
19290.0	0.0189
19300.0	0.0200
19310.0	0.0193
19320.0	0.0202
19330.0	0.0182
19340.0	0.0179
19350.0	0.0164
19360.0	0.0160
19370.0	0.0147
19380.0	0.0167
19390.0	0.0148
19400.0	0.0150
19410.0	0.0137
19420.0	0.0132
19430.0	0.0120
19440.0	0.0140
19450.0	0.0128
19460.0	0.0119
19470.0	0.0101
19480.0	0.0101
19490.0	0.0101
19500.0	0.0
