1600.000000 0.037349434688752
1610.000000 0.060507837707488
1620.000000 0.084695102218784
1630.000000 0.11021596029737
1640.000000 0.13656733785197
1650.000000 0.16408443319711
1660.000000 0.19133293955039
1670.000000 0.20843714861028
1680.000000 0.22600923580265
1690.000000 0.24369478076188
1700.000000 0.26193060419827
1710.000000 0.26751672153298
1720.000000 0.2705467539016
1730.000000 0.27399375616915
1740.000000 0.28485560468791
1750.000000 0.30568378383543
1760.000000 0.32659850428347
1770.000000 0.33251039356174
1780.000000 0.3378382053388
1790.000000 0.34232647209015
1800.000000 0.34752370709684
1810.000000 0.35233468938919
1820.000000 0.35683910519488
1830.000000 0.36214922925044
1840.000000 0.36659832835959
1850.000000 0.37055230917531
1860.000000 0.37807354034872
1870.000000 0.38430279527588
1880.000000 0.39228629754555
1890.000000 0.39509370562924
1900.000000 0.39488592930217
1910.000000 0.39052876283718
1920.000000 0.38793409071547
1930.000000 0.38479796362449
1940.000000 0.38072318281595
1950.000000 0.3774836041771
1960.000000 0.37508758037733
1970.000000 0.37249216835371
1980.000000 0.37061947992662
1990.000000 0.36777494366079
2000.000000 0.36486290758559
2010.000000 0.35807557508987
2020.000000 0.3509863809777
2030.000000 0.34414364294619
2040.000000 0.33648753594875
2050.000000 0.3294415248489
2060.000000 0.32176572143449
2070.000000 0.31356252251373
2080.000000 0.30553923481872
2090.000000 0.29708757933955
2100.000000 0.28865124441539
2110.000000 0.28349409110933
2120.000000 0.27796465641205
2130.000000 0.27256714330425
2140.000000 0.26638666476712
2150.000000 0.26076389631145
2160.000000 0.25466929108508
2170.000000 0.24870709312341
2180.000000 0.24218298373111
2190.000000 0.23663442537565
2200.000000 0.22973096332184
2210.000000 0.22033014424783
2220.000000 0.21090326177588
2230.000000 0.20179434963813
2240.000000 0.19283926492099
2250.000000 0.18509404223197
2260.000000 0.17869211875761
2270.000000 0.17234942774998
2280.000000 0.16623291623816
2290.000000 0.16000286516477
2300.000000 0.15416845649548
2310.000000 0.14839468666627
2320.000000 0.14276713610499
2330.000000 0.13720230299102
2340.000000 0.13256714374483
2350.000000 0.12813013286021
2360.000000 0.12394487116831
2370.000000 0.11975950884362
2380.000000 0.11575108326101
2390.000000 0.11174780715805
2400.000000 0.10811170620899
2410.000000 0.10440188486923
2420.000000 0.10080159613258
2430.000000 0.097313274776375
2440.000000 0.093616147898943
2450.000000 0.089563801115573
2460.000000 0.085621535121917
2470.000000 0.081879315903327
2480.000000 0.078243686039691
2490.000000 0.07489509744212
2500.000000 0.072011333039773
2510.000000 0.068962363196196
2520.000000 0.066016032528277
2530.000000 0.063262697199543
2540.000000 0.060583247447094
2550.000000 0.058464981986181
2560.000000 0.056413516161194
2570.000000 0.054518815961139
2580.000000 0.052694487232505
2590.000000 0.050941879454369
2600.000000 0.049262342105809
2610.000000 0.04765537676683
2620.000000 0.046123141712022
2630.000000 0.044574990252324
2640.000000 0.04313222434383
2650.000000 0.041571965514603
2660.000000 0.040103854382664
2670.000000 0.038633546987364
2680.000000 0.037535772121331
2690.000000 0.036154157748108
2700.000000 0.034958121418387
2710.000000 0.033760298735854
2720.000000 0.032655587534932
2730.000000 0.031642311251053
2740.000000 0.030535314962386
2750.000000 0.029462583412343
2760.000000 0.028466336344757
2770.000000 0.027473753106425
2780.000000 0.026578260901481
2790.000000 0.025685132199033
2800.000000 0.024795304977161
2810.000000 0.024001657415734
2820.000000 0.023210945318706
2830.000000 0.022423168686078
2840.000000 0.021731581815295
2850.000000 0.021042560725238
2860.000000 0.020355183941566
2870.000000 0.019671296246713
2880.000000 0.019173168579094
2890.000000 0.018586376517782
2900.000000 0.018001780553526
2910.000000 0.017419380686324
2920.000000 0.01693676891749
2930.000000 0.016459318992054
2940.000000 0.015982224819031
2950.000000 0.01550639728102
2960.000000 0.015031836378023
2970.000000 0.014648816142807
2980.000000 0.014267713005047
2990.000000 0.013796697920106
3000.000000 0.013506739074668
3010.000000 0.013128672314362
3020.000000 0.012750718619199
3030.000000 0.012373778738701
3040.000000 0.012086346151434
3050.000000 0.011627127541373
3060.000000 0.011192508835266
3070.000000 0.010765758136418
3080.000000 0.010347724342608
3090.000000 0.0099375324511908
3100.000000 0.0095360052550743
3110.000000 0.0092231059558652
3120.000000 0.0089154171883389
3130.000000 0.0085339484833467
3140.000000 0.0082364552981955
3150.000000 0.0080087248248535
3160.000000 0.0079087405442383
3170.000000 0.0078065837886388
3180.000000 0.0077022156766352
3190.000000 0.0075972295661122
3200.000000 0.0074103965502679
3210.000000 0.0073005105657066
3220.000000 0.0071884584149058
3230.000000 0.0070750467776289
3240.000000 0.0069570115555877
3250.000000 0.0068724641289952
3260.000000 0.0067044679909476
3270.000000 0.0066183831895696
3280.000000 0.0064506899690522
3290.000000 0.0062848060399013
3300.000000 0.0062006944628806
3310.000000 0.0061166762603147
3320.000000 0.0059512200243308
3330.000000 0.0058674152350547
3340.000000 0.0057828796349205
3350.000000 0.0056014159897208
3360.000000 0.0054962420245422
3370.000000 0.0053925635038906
3380.000000 0.0052895671231445
3390.000000 0.0051872528823039
3400.000000 0.0050061583298865
3410.000000 0.0049063343102295
3420.000000 0.0048064041756987
3430.000000 0.0047071561810733
3440.000000 0.0046085903263533
3450.000000 0.004525339019875
3460.000000 0.0044547610706773
3470.000000 0.0043846762087764
3480.000000 0.0043135243727305
3490.000000 0.0042428606699658
3500.000000 0.0042506528408519
3510.000000 0.0041795560814024
3520.000000 0.0041081706174966
3530.000000 0.0040357030860602
3540.000000 0.0039645256282206
3550.000000 0.0038922740364813
3560.000000 0.0038996274091496
3570.000000 0.0038316555833619
3580.000000 0.0037624339514347
3590.000000 0.0037730548113373
3600.000000 0.0037031551105143
3610.000000 0.0036336124477658
3620.000000 0.003562810919841
3630.000000 0.0035719483833396
3640.000000 0.0034975737484787
3650.000000 0.0034228825736756
3660.000000 0.0034295299441787
3670.000000 0.0033543639594623
3680.000000 0.0032788814348038
3690.000000 0.0032852122653647
3700.000000 0.0032092549307929
3710.000000 0.0032154274913828
3720.000000 0.0031389870698731
3730.000000 0.0031450013446332
3740.000000 0.0030680943743762
3750.000000 0.0030595562761697
3760.000000 0.0029649373237922
3770.000000 0.002952195155065
3780.000000 0.0028585735256591
3790.000000 0.0028469796917651
3800.000000 0.002754352098438
3810.000000 0.0027430896099036
3820.000000 0.0026506507313254
3830.000000 0.0026397229082444
3840.000000 0.0026287950851634
3850.000000 0.0025384902294472
3860.000000 0.0025286857926804
3870.000000 0.0024393637657407
3880.000000 0.002429095346486
3890.000000 0.0023407752760346
3900.000000 0.0023308382021395
3910.000000 0.0023201334421635
3920.000000 0.0022331420400434
3930.000000 0.0022235395984007
3940.000000 0.0022139371567581
3950.000000 0.0021282635144752
3960.000000 0.0021189924513931
3970.000000 0.0020350760199141
3980.000000 0.0020261329820978
3990.000000 0.0020171899442815
4000.000000 0.0019338400542241
4010.000000 0.0020733793755305
4020.000000 0.0020397723747301
4030.000000 0.0020056484359461
4040.000000 0.0019724747552
4050.000000 0.0019435460798824
4060.000000 0.0019168276315893
4070.000000 0.0018908808440873
4080.000000 0.0018649898350021
4090.000000 0.0018384197818069
4100.000000 0.0018126192031165
4110.000000 0.0017868743807592
4120.000000 0.0017604527226618
4130.000000 0.0017347983527831
4140.000000 0.0017091997171536
4150.000000 0.0016789401568166
4160.000000 0.0016485980751717
4170.000000 0.0016420187661075
4180.000000 0.0016354394570432
4190.000000 0.001628860147979
4200.000000 0.0015989974205085
4210.000000 0.0015686193587103
4220.000000 0.0015391301977239
4230.000000 0.0015098369347289
4240.000000 0.0014800299841437
4250.000000 0.0014519144659579
4260.000000 0.001450672230201
4270.000000 0.0014494299944442
4280.000000 0.0014474964369165
4290.000000 0.0014235090959547
4300.000000 0.0013995539090375
4310.000000 0.00137564468481
