1597.495 0.0
1602.495 0.062194385
1607.495 0.18666942
1612.495 0.31141424
1617.495 0.4364344
1622.495 0.56157315
1627.495 0.6866085
1632.495 0.81127757
1637.495 0.9357053
1642.495 1.0603904
1647.495 1.1850339
1652.495 1.308658
1657.495 1.4330697
1662.495 1.5623833
1667.495 1.6896992
1672.495 1.7975565
1677.495 1.8813838
1682.495 1.9499193
1687.495 2.0111084
1692.495 2.0709927
1697.495 2.1237583
1702.495 2.152592
1707.495 2.1585605
1712.495 2.161012
1717.495 2.1776242
1722.495 2.2228136
1727.495 2.292677
1732.495 2.3655906
1737.495 2.430495
1742.495 2.4877846
1747.495 2.5409973
1752.495 2.59594
1757.495 2.6499062
1762.495 2.6920276
1767.495 2.7221107
1772.495 2.750715
1777.495 2.7820725
1782.495 2.8136592
1787.495 2.8437355
1792.495 2.8717546
1797.495 2.8996859
1802.495 2.931807
1807.495 2.9687238
1812.495 3.0072207
1817.495 3.0429027
1822.495 3.0707464
1827.495 3.0946012
1832.495 3.1267602
1837.495 3.168969
1842.495 3.2122552
1847.495 3.2521605
1852.495 3.2893295
1857.495 3.3270912
1862.495 3.370865
1867.495 3.4174132
1872.495 3.4559138
1877.495 3.5023637
1882.495 3.5975845
1887.495 3.728823
1892.495 3.8303576
1897.495 3.8753376
1902.495 3.8787084
1907.495 3.8702786
1912.495 3.891073
1917.495 3.9402208
1922.495 3.9759514
1927.495 3.9906974
1932.495 4.011961
1937.495 4.0465217
1942.495 4.079453
1947.495 4.1084657
1952.495 4.1444426
1957.495 4.189021
1962.495 4.2344007
1967.495 4.2815742
1972.495 4.340045
1977.495 4.4034624
1982.495 4.450286
1987.495 4.483198
1992.495 4.528655
1997.495 4.5875244
2002.495 4.634876
2007.495 4.6645465
2012.495 4.690045
2017.495 4.719772
2022.495 4.756006
2027.495 4.797171
2032.495 4.838209
2037.495 4.876259
2042.495 4.910971
2047.495 4.9456067
2052.495 4.9866095
2057.495 5.033176
2062.495 5.077435
2067.495 5.118971
2072.495 5.1648993
2077.495 5.216934
2082.496 5.2711344
2087.495 5.325179
2092.495 5.378909
2097.496 5.4387555
2102.496 5.5170116
2107.495 5.6112676
2112.495 5.7047906
2117.496 5.7955465
2122.496 5.896237
2127.496 6.006559
2132.495 6.113052
2137.495 6.21373
2142.496 6.318355
2147.496 6.430329
2152.496 6.54629
2157.495 6.6655
2162.495 6.7899656
2167.495 6.9177446
2172.496 7.042912
2177.496 7.1620026
2182.496 7.2745047
2187.495 7.3876185
2192.495 7.515135
2197.495 7.6486287
2202.496 7.7588925
2207.495 7.8563037
2212.495 7.9899774
2217.495 8.168839
2222.496 8.360479
2227.495 8.545471
2232.495 8.720063
2237.495 8.900504
2242.496 9.121052
2247.496 9.385229
2252.495 9.665557
2257.496 9.9463005
2262.496 10.225115
2267.495 10.505492
2272.495 10.795891
2277.496 11.097271
2282.495 11.4030485
2287.495 11.709574
2292.496 12.016516
2297.496 12.323967
2302.495 12.632405
2307.495 12.944717
2312.496 13.265976
2317.496 13.595362
2322.496 13.925939
2327.495 14.247198
2332.496 14.54643
2337.496 14.838068
2342.496 15.162306
2347.496 15.525564
2352.496 15.899911
2357.495 16.270403
2362.496 16.636509
2367.496 16.998066
2372.496 17.354536
2377.496 17.703577
2382.496 18.041277
2387.496 18.370522
2392.496 18.700539
2397.496 19.0289
2402.495 19.34181
2407.496 19.63862
2412.496 19.931784
2417.496 20.222645
2422.496 20.501394
2427.496 20.770437
2432.496 21.043304
2437.496 21.298206
2442.496 21.480013
2447.496 21.590229
2452.496 21.686745
2457.496 21.787933
2462.496 21.871086
2467.496 21.93356
2472.496 21.99391
2477.496 22.055576
2482.496 22.106289
2487.496 22.141308
2492.496 22.16417
2497.496 22.179892
2502.496 22.19435
2507.496 22.20681
2512.496 22.210243
2517.496 22.205557
2522.495 22.201223
2527.496 22.190975
2532.496 22.15522
2537.496 22.114367
2542.496 22.126783
2547.496 22.190605
2552.496 22.243816
2557.496 22.264479
2562.496 22.272825
2567.496 22.277103
2572.496 22.272026
2577.496 22.259321
2582.496 22.247904
2587.496 22.237646
2592.496 22.219404
2597.496 22.192366
2602.496 22.16411
2607.496 22.134645
2612.496 22.096394
2617.496 22.049753
2622.496 22.003166
2627.496 21.958368
2632.496 21.90999
2637.496 21.851038
2642.496 21.773592
2647.496 21.678762
2652.496 21.576437
2657.496 21.469137
2662.496 21.352129
2667.496 21.232227
2672.496 21.127144
2677.496 21.032612
2682.496 20.922861
2687.495 20.7939
2692.496 20.663889
2697.496 20.53885
2702.496 20.411865
2707.496 20.280512
2712.496 20.147305
2717.496 20.01258
2722.496 19.874397
2727.496 19.734251
2732.496 19.596668
2737.496 19.454987
2742.496 19.291815
2747.496 19.103828
2752.496 18.9023
2757.496 18.700075
2762.496 18.510286
2767.496 18.3314
2772.496 18.147585
2777.496 17.952547
2782.496 17.750202
2787.496 17.545897
2792.496 17.345703
2797.496 17.148727
2802.496 16.947338
2807.496 16.739353
2812.496 16.528341
2817.496 16.317122
2822.496 16.107346
2827.496 15.897056
2832.496 15.681021
2837.496 15.460491
2842.496 15.243095
2847.496 15.029861
2852.496 14.815096
2857.496 14.596417
2862.496 14.375253
2867.496 14.156666
2872.496 13.9486885
2877.496 13.7476845
2882.496 13.538815
2887.496 13.3206625
2892.496 13.105223
2897.496 12.8916
2902.496 12.665668
2907.496 12.419322
2912.496 12.151431
2917.496 11.870217
2922.496 11.5924835
2927.496 11.3238125
2932.496 11.058312
2937.496 10.793591
2942.496 10.531184
2947.496 10.272146
2952.496 10.016868
2957.496 9.7666
2962.496 9.523357
2967.496 9.2871275
2972.496 9.05586
2977.496 8.827986
2982.496 8.602527
2987.496 8.37942
2992.496 8.15954
2997.496 7.945088
3002.496 7.7394314
3007.496 7.542019
3012.496 7.348379
3017.496 7.155135
3022.496 6.960483
3027.496 6.7694592
3032.496 6.593072
3037.496 6.4227376
3042.496 6.231131
3047.496 6.016018
3052.496 5.8006287
3057.496 5.597184
3062.496 5.405654
3067.496 5.222886
3072.496 5.0433807
3077.496 4.8671465
3082.496 4.699554
3087.496 4.5399413
3092.496 4.381722
3097.496 4.2244406
3102.496 4.073892
3107.496 3.9321532
3112.496 3.797272
3117.496 3.666258
3122.496 3.53538
3127.496 3.4036486
3132.495 3.2731056
3137.496 3.1526263
3142.496 3.0569885
3147.496 2.983613
3152.496 2.912862
3157.496 2.837937
3162.496 2.7653909
3167.496 2.6964972
3172.496 2.6269183
3177.495 2.5579855
3182.496 2.496362
3187.496 2.4358487
3192.496 2.358163
3197.496 2.2687998
3202.496 2.1964884
3207.496 2.1453269
3212.496 2.094415
3217.496 2.0376103
3222.496 1.9843012
3227.496 1.9365791
3232.496 1.888737
3237.496 1.8385222
3242.496 1.7874539
3247.496 1.7364416
3252.496 1.6856345
3257.496 1.6355242
3262.496 1.586961
3267.496 1.540446
3272.495 1.4961183
3277.496 1.4540993
3282.496 1.4144042
3287.496 1.3741434
3292.496 1.3280637
3297.496 1.2830925
3302.496 1.2576532
3307.496 1.2520489
3312.496 1.2484325
3317.496 1.2397909
3322.495 1.2306161
3327.496 1.2227882
3332.495 1.2151026
3337.496 1.2070562
3342.496 1.1989734
3347.496 1.1909866
3352.496 1.1830037
3357.496 1.1749972
3362.496 1.1670122
3367.496 1.1590245
3372.496 1.1509482
3377.496 1.1429048
3382.496 1.1352125
3387.496 1.1277786
3392.496 1.1201085
3397.496 1.1120741
3402.496 1.1039319
3407.496 1.0959091
3412.496 1.0881807
3417.495 1.0807114
3422.496 1.0732694
3427.496 1.0657616
3432.496 1.0582424
3437.496 1.0507424
3442.496 1.0432614
3447.496 1.0357687
3452.496 1.0282123
3457.496 1.0206821
3462.496 1.013405
3467.495 1.0064245
3472.496 0.99958926
3477.496 0.9926359
3482.496 0.98522216
3487.496 0.97761
3492.496 0.9706314
3497.496 0.96425223
3502.496 0.95758015
3507.496 0.9504909
3512.496 0.9436413
3517.496 0.937191
3522.495 0.93077636
3527.496 0.9242608
3532.496 0.9177533
3537.496 0.9112658
3542.496 0.9047106
3547.496 0.89817595
3552.496 0.89191985
3557.496 0.8859521
3562.495 0.8800321
3567.495 0.87403154
3572.496 0.86795306
3577.496 0.86192197
3582.496 0.8561716
3587.496 0.85070246
3592.496 0.84528255
3597.496 0.83978367
3602.496 0.8341987
3607.495 0.8286633
3612.495 0.82343966
3617.496 0.81848544
3622.496 0.8134646
3627.496 0.80841047
3632.496 0.8037175
3637.496 0.7992945
3642.496 0.7945715
3647.496 0.7895054
3652.496 0.78459007
3657.495 0.78009015
3662.496 0.7760054
3667.495 0.7720715
3672.496 0.7677944
3677.496 0.76321745
3682.496 0.7589107
3687.496 0.75496495
3692.496 0.75098467
3697.496 0.74693817
3702.496 0.74316597
3707.495 0.73970336
3712.495 0.7362733
3717.496 0.7327639
3722.496 0.72924095
3727.496 0.72574115
3732.496 0.7222629
3737.496 0.7187714
3742.496 0.7152074
3747.496 0.71167326
3752.495 0.70842344
3757.495 0.7054574
3762.495 0.70252126
3767.495 0.6995128
3772.495 0.6964915
3777.495 0.69349146
3782.496 0.6905128
3787.496 0.68752134
3792.496 0.68445724
3797.496 0.6814232
3802.495 0.6786736
3807.495 0.67620796
3812.495 0.67377025
3817.496 0.6712608
3822.496 0.66874564
3827.496 0.666249
3832.496 0.6637475
3837.496 0.6612435
3842.495 0.6587647
3847.495 0.65627736
3852.495 0.65369385
3857.495 0.65114796
3862.495 0.6489759
3867.495 0.64705294
3872.496 0.6448087
3877.496 0.64223397
3882.496 0.6398829
3887.496 0.6379172
3892.496 0.6360811
3897.495 0.63411224
3902.495 0.631777
3907.495 0.6292118
3912.495 0.6269046
3917.495 0.624947
3922.495 0.62302655
3927.496 0.6210159
3932.496 0.61898935
3937.496 0.61698925
3942.495 0.61501634
3947.495 0.61302704
3952.495 0.6109459
3957.495 0.6089026
3962.495 0.6072158
3967.495 0.6057844
3972.496 0.6040971
3977.496 0.6020536
3982.496 0.59997404
3987.495 0.5979858
3992.495 0.59600663
3997.495 0.5940032
4002.495 0.5919995
4007.495 0.5900013
4012.495 0.58799565
4017.496 0.5859914
4022.496 0.58401805
4027.496 0.58203286
4032.496 0.5799321
4037.496 0.5778769
4042.495 0.5762693
4047.495 0.57488126
4052.495 0.5728817
4057.495 0.5702698
4062.496 0.5678758
4067.496 0.56593007
4072.496 0.564037
4077.496 0.5620255
4082.495 0.559976
4087.495 0.5579676
4092.495 0.556059
4097.495 0.5541039
4102.495 0.5517723
4107.495 0.5491948
4112.495 0.54694533
4117.495 0.54502314
4122.495 0.5428525
4127.496 0.54030645
4132.496 0.5377227
4137.495 0.5352352
4142.495 0.53275657
4147.495 0.5302525
4152.495 0.5277511
4157.496 0.5252544
4162.496 0.52273923
4167.496 0.52022976
4172.496 0.5177921
4177.495 0.51532656
4182.495 0.5125765
4187.495 0.5095422
4192.495 0.5064797
4197.495 0.503489
4202.496 0.5005047
4207.496 0.49750152
4212.496 0.49450153
4217.496 0.4915047
4222.496 0.4884891
4227.496 0.48547974
4232.495 0.48254234
4237.495 0.47957653
4242.495 0.4763266
4247.495 0.47279233
4252.495 0.4692294
4257.495 0.46573853
4262.496 0.46225572
4267.496 0.4587534
4272.495 0.45524797
4277.495 0.45174786
4282.495 0.44825312
4287.495 0.44475523
4292.495 0.4412396
4297.495 0.43773127
4302.495 0.43428844
4307.495 0.4308196
4312.496 0.42709094
4317.495 0.42306834
4322.495 0.4189258
4327.495 0.4148916
4332.495 0.41122115
4337.495 0.40778732
4342.495 0.40409562
4347.495 0.4000528
4352.495 0.3959744
4357.495 0.39198586
4362.495 0.38800678
4367.495 0.38400358
4372.495 0.37999812
4377.495 0.37599897
4382.495 0.37200052
4387.495 0.3680003
4392.495 0.36399987
4397.495 0.35999995
4402.496 0.35600004
4407.495 0.352
4412.495 0.34800002
4417.495 0.34400007
4422.495 0.34000018
4427.495 0.3359999
4432.495 0.33200023
4437.495 0.32800046
4442.495 0.32399905
4447.495 0.31999826
4452.495 0.31600356
4457.495 0.3120065
4462.496 0.3079866
4467.495 0.30397588
4472.495 0.30004972
4477.495 0.29609013
4482.495 0.29179868
4487.495 0.2872417
4492.495 0.28284934
4497.495 0.27884942
4502.495 0.27524146
4507.495 0.27179822
4512.495 0.26809114
4517.495 0.26405177
4522.495 0.25997177
4527.495 0.25597933
4532.495 0.25202158
4537.495 0.24803095
4542.495 0.24394192
4547.495 0.23989695
4552.495 0.23622638
4557.495 0.232803
4562.495 0.22905862
4567.495 0.22498406
4572.495 0.22113276
4577.495 0.21766682
4582.495 0.2143322
4587.495 0.2108643
4592.495 0.20702282
4597.495 0.20295413
4602.495 0.19917034
4607.495 0.1957255
4612.495 0.19221804
4617.495 0.18865965
4622.495 0.185474
4627.495 0.182558
4632.495 0.17929237
4637.495 0.17570208
4642.495 0.17245032
4647.495 0.16953985
4652.495 0.16631262
4657.495 0.16273233
4662.495 0.15939268
4667.495 0.15643725
4672.495 0.15353839
4677.495 0.15053426
4682.495 0.14745378
4687.495 0.1444257
4692.495 0.14166217
4697.495 0.1391848
4702.495 0.13681947
4707.495 0.13435067
4712.495 0.13154458
4717.495 0.12849075
4722.495 0.1255967
4727.495 0.123092815
4732.495 0.12100624
4737.495 0.11907549
4742.495 0.11678457
4747.495 0.1141989
4752.495 0.11194902
4757.495 0.110034615
4762.495 0.107825466
4767.495 0.10525622
4772.495 0.10284286
4777.495 0.10084676
4782.495 0.09924061
4787.495 0.09779424
4792.495 0.09610096
4797.495 0.09407002
4802.495 0.09193366
4807.495 0.089910164
4812.495 0.08817989
4817.495 0.08671136
4822.495 0.08526861
4827.495 0.08376001
4832.495 0.08224571
4837.495 0.080748565
4842.495 0.07924856
4847.495 0.077745765
4852.495 0.07625993
4857.495 0.074768454
4862.495 0.073211655
4867.495 0.0716804
4872.495 0.07040909
4877.495 0.06943182
4882.495 0.06857386
4887.495 0.067607954
4892.495 0.066279836
4897.495 0.0647145
4902.495 0.06340063
4907.495 0.062440343
4912.495 0.061539784
4917.495 0.0605398
4922.495 0.059440266
4927.495 0.058400437
4932.495 0.057714757
4937.495 0.057280302
4942.495 0.056606915
4947.495 0.055571984
4952.495 0.05443568
4957.495 0.05341609
4962.495 0.05266598
4967.495 0.052185528
4972.495 0.051822275
4977.495 0.051357426
4982.495 0.050529294
4987.495 0.049462892
4992.495 0.048654288
4997.495 0.048197273
5002.495 0.047775388
5007.495 0.047263674
5012.495 0.04674413
5017.495 0.046248034
5022.495 0.045748074
5027.495 0.045244195
5032.495 0.044763565
5037.495 0.044275176
5042.495 0.043697633
5047.495 0.04315497
5052.495 0.042961508
5057.495 0.043026786
5062.495 0.042862598
5067.495 0.042331643
5072.495 0.04166623
5077.495 0.04113102
5082.495 0.04098811
5087.495 0.04106616
5092.495 0.040787622
5097.495 0.040198136
5102.495 0.039955262
5107.495 0.04004759
5112.495 0.03979758
5117.495 0.039205257
5122.495 0.038948152
5127.495 0.039037637
5132.495 0.03881606
5137.495 0.038237978
5142.495 0.037881292
5147.495 0.03791673
5152.495 0.0380806
5157.495 0.03811071
5162.495 0.03778067
5167.495 0.03721855
5172.495 0.036890462
5177.495 0.036921352
5182.495 0.03707936
5187.495 0.03711167
5192.495 0.036776476
5197.495 0.036210082
5202.495 0.035908487
5207.495 0.03595424
5212.495 0.036011446
5217.495 0.035988573
5222.495 0.036045726
5227.495 0.03609145
5232.495 0.035790015
5237.495 0.035223708
5242.495 0.034887955
5247.495 0.034919966
5252.495 0.035080038
5257.495 0.035112053
5262.495 0.03477627
5267.495 0.03420994
5272.495 0.03390863
5277.495 0.03395444
5282.495 0.034011085
5287.495 0.033987936
5292.495 0.03404704
5297.495 0.034093834
5302.495 0.03378514
5307.495 0.033214863
5312.495 0.032906167
5317.495 0.03295296
5322.495 0.033012066
5327.495 0.032988917
5332.495 0.03304556
5337.495 0.03309137
5342.495 0.03279006
5347.495 0.03222373
5352.495 0.031887945
5357.495 0.03191996
5362.495 0.032080043
5367.495 0.032112062
5372.495 0.031776257
5377.495 0.031209912
5382.495 0.030908626
5387.495 0.030954437
5392.495 0.03101108
5397.495 0.030987928
5402.495 0.031047048
5407.495 0.031093849
5412.495 0.030785099
5417.495 0.03021479
5422.495 0.029906256
5427.495 0.029953128
5432.495 0.030011715
5437.495 0.02998828
5442.495 0.030046875
5447.495 0.03009375
5452.495 0.029785154
5457.495 0.029214844
5462.495 0.028906249
5467.495 0.028953124
5472.495 0.029011717
5477.495 0.028988281
5482.495 0.029046874
5487.495 0.029093748
5492.495 0.028785154
5497.495 0.028214846
5502.495 0.027906252
5507.495 0.027953126
5512.495 0.028011719
5517.495 0.027988281
5522.495 0.028046876
5527.495 0.028093752
5532.495 0.027785156
5537.495 0.027214844
5542.495 0.02690625
5547.495 0.026953125
5552.495 0.027011719
5557.495 0.026988281
5562.495 0.027046878
5567.495 0.027093755
5572.495 0.026785186
5577.495 0.026214855
5582.495 0.025906246
5587.495 0.025953123
5592.495 0.02601172
5597.495 0.025988283
5602.495 0.026046874
5607.495 0.026093738
5612.495 0.025785165
5617.495 0.025214858
5622.495 0.024906226
5627.495 0.024953078
5632.495 0.025011813
5637.494 0.024988452
5642.495 0.025046524
5647.495 0.025093112
5652.495 0.02478647
5657.495 0.024217222
5662.494 0.023901347
5667.495 0.023944238
5672.495 0.024030026
5677.494 0.024021447
5682.495 0.023978552
5687.495 0.023969973
5692.495 0.024055764
5697.495 0.02409866
5702.495 0.023782764
5707.495 0.023213502
5712.495 0.022906883
5717.495 0.022953475
5722.495 0.02301155
5727.495 0.022988189
5732.494 0.023046918
5737.495 0.023093771
5742.495 0.02278515
5747.495 0.02221485
5752.495 0.021906229
5757.495 0.021953082
5762.495 0.02201181
5767.495 0.02198845
5772.494 0.022046523
5777.495 0.022093114
5782.495 0.021786468
