1600.000000 0.0022219265621382
1610.000000 0.0035845344915491
1620.000000 0.0050054688206996
1630.000000 0.0064846823397854
1640.000000 0.0080221950017955
1650.000000 0.0096668309234039
1660.000000 0.011327439528978
1670.000000 0.012330584081716
1680.000000 0.013490604753563
1690.000000 0.014628158406113
1700.000000 0.015804114080265
1710.000000 0.016251224333757
1720.000000 0.016650000621309
1730.000000 0.017046516146162
1740.000000 0.018027759910386
1750.000000 0.019578871121917
1760.000000 0.021263767079869
1770.000000 0.022042961997385
1780.000000 0.022763490226409
1790.000000 0.023575642136561
1800.000000 0.024311977839747
1810.000000 0.02513995841744
1820.000000 0.026061283926007
1830.000000 0.026908781813189
1840.000000 0.027850590006249
1850.000000 0.028888238806855
1860.000000 0.03008615681058
1870.000000 0.031321444373439
1880.000000 0.032754795387019
1890.000000 0.035681999374394
1900.000000 0.03665317738606
1910.000000 0.037217019222237
1920.000000 0.038513388743438
1930.000000 0.039436586647293
1940.000000 0.040817023243747
1950.000000 0.042008183053948
1960.000000 0.043606551310897
1970.000000 0.045330005454221
1980.000000 0.047333294201503
1990.000000 0.048998647142982
2000.000000 0.050967214959842
2010.000000 0.052584561377383
2020.000000 0.054170085035237
2030.000000 0.056084935846005
2040.000000 0.058127692284904
2050.000000 0.060041653159479
2060.000000 0.062442536800334
2070.000000 0.064795985076293
2080.000000 0.067446119152023
2090.000000 0.070297830428347
2100.000000 0.073346395809297
2110.000000 0.07749246248813
2120.000000 0.081812423628186
2130.000000 0.086754891140194
2140.000000 0.09173378391768
2150.000000 0.097257197737889
2160.000000 0.10324442374942
2170.000000 0.10978414658036
2180.000000 0.11636215875378
2190.000000 0.12296715433922
2200.000000 0.13022679108337
2210.000000 0.13657155682177
2220.000000 0.14310027657173
2230.000000 0.15005582597651
2240.000000 0.15700676927393
2250.000000 0.16514300906295
2260.000000 0.17477398758781
2270.000000 0.18460749501372
2280.000000 0.19489376386543
2290.000000 0.20537948898101
2300.000000 0.21581954949499
2310.000000 0.22629676572013
2320.000000 0.23723336605509
2330.000000 0.24787010274451
2340.000000 0.25765051505099
2350.000000 0.26944832484018
2360.000000 0.28140654499539
2370.000000 0.29291870739852
2380.000000 0.30397091154089
2390.000000 0.31435088807452
2400.000000 0.32459198781014
2410.000000 0.33379110897822
2420.000000 0.34255278612647
2430.000000 0.35059223189266
2440.000000 0.35673616438025
2450.000000 0.35979677519771
2460.000000 0.36211179492834
2470.000000 0.36341433872661
2480.000000 0.3643442824026
2490.000000 0.36472009586482
2500.000000 0.36437015288297
2510.000000 0.36365820147806
2520.000000 0.36240764513696
2530.000000 0.36098005151288
2540.000000 0.35912091285499
2550.000000 0.35983950820753
2560.000000 0.35982788730576
2570.000000 0.3597975279026
2580.000000 0.35947706918007
2590.000000 0.35905466334514
2600.000000 0.3582431584449
2610.000000 0.35740677921802
2620.000000 0.3562660736227
2630.000000 0.3550054526462
2640.000000 0.35290537781092
2650.000000 0.35007813209966
2660.000000 0.34687142978962
2670.000000 0.34347204917044
2680.000000 0.34063053763793
2690.000000 0.33683571969078
2700.000000 0.33312805522164
2710.000000 0.32922740176727
2720.000000 0.32513240783297
2730.000000 0.32084266131028
2740.000000 0.31646428880328
2750.000000 0.31118278827063
2760.000000 0.30503942366304
2770.000000 0.29966805040901
2780.000000 0.29366098716177
2790.000000 0.2875695852925
2800.000000 0.28149983632404
2810.000000 0.27507948302247
2820.000000 0.26849741656245
2830.000000 0.26203189739262
2840.000000 0.25522350503595
2850.000000 0.2484391246816
2860.000000 0.24158753587086
2870.000000 0.23467112800943
2880.000000 0.2282374530997
2890.000000 0.22138245399329
2900.000000 0.21445891966618
2910.000000 0.20756229652915
2920.000000 0.20087329659878
2930.000000 0.19432762625205
2940.000000 0.18760774589357
2950.000000 0.18099656002193
2960.000000 0.1744945944627
2970.000000 0.16828056621192
2980.000000 0.16217358582246
2990.000000 0.15608577773665
3000.000000 0.1502828516636
3010.000000 0.14476727316317
3020.000000 0.13917591351469
3030.000000 0.13368944338147
3040.000000 0.12865142503788
3050.000000 0.12265994365373
3060.000000 0.11612247604148
3070.000000 0.10998484693411
3080.000000 0.10423615803873
3090.000000 0.098791904462542
3100.000000 0.09346845165328
3110.000000 0.088587227422132
3120.000000 0.084134240538892
3130.000000 0.079467703232972
3140.000000 0.075202598859573
3150.000000 0.072387500338946
3160.000000 0.070170173514604
3170.000000 0.067993083844633
3180.000000 0.065858501689762
3190.000000 0.063941324366436
3200.000000 0.060557681031832
3210.000000 0.058805696480216
3220.000000 0.057024451635551
3230.000000 0.055376391935018
3240.000000 0.05377448293814
3250.000000 0.051870286714116
3260.000000 0.049955482967247
3270.000000 0.048206060212801
3280.000000 0.046541374823032
3290.000000 0.044972668190894
3300.000000 0.043323489099947
3310.000000 0.041920395883759
3320.000000 0.040517860326548
3330.000000 0.039197853910694
3340.000000 0.037872772601537
3350.000000 0.036527381161242
3360.000000 0.035240940776036
3370.000000 0.033963174852616
3380.000000 0.032776327195481
3390.000000 0.031601634744088
3400.000000 0.03051469607289
3410.000000 0.029514732988676
3420.000000 0.028523051205684
3430.000000 0.027538068542619
3440.000000 0.026712000606697
3450.000000 0.025903027978553
3460.000000 0.025167087147016
3470.000000 0.024506170350121
3480.000000 0.02392070847493
3490.000000 0.023257003508659
3500.000000 0.022669128013725
3510.000000 0.022157355217064
3520.000000 0.021564920115011
3530.000000 0.021049826426396
3540.000000 0.020534221076766
3550.000000 0.020017395680374
3560.000000 0.01957839172278
3570.000000 0.019076355360062
3580.000000 0.01865163158272
3590.000000 0.018223400487296
3600.000000 0.017873305387183
3610.000000 0.017520228676091
3620.000000 0.017165705801822
3630.000000 0.016723543433851
3640.000000 0.016430875161154
3650.000000 0.016054954269772
3660.000000 0.015678349098758
3670.000000 0.015381566599749
3680.000000 0.015083518258145
3690.000000 0.014784121779463
3700.000000 0.014483541594083
3710.000000 0.014181695566109
3720.000000 0.013878500925295
3730.000000 0.013656471384427
3740.000000 0.01335015427292
3750.000000 0.01306451683112
3760.000000 0.01268198730718
3770.000000 0.012466087921129
3780.000000 0.012169496665871
3790.000000 0.011794760596656
3800.000000 0.011502409247305
3810.000000 0.011212945435958
3820.000000 0.010925391820712
3830.000000 0.010719548520576
3840.000000 0.010436446353652
3850.000000 0.010234387827008
3860.000000 0.0099549251468896
3870.000000 0.0097557672003206
3880.000000 0.0095587985760337
3890.000000 0.0093615056595649
3900.000000 0.0090889925997543
3910.000000 0.008894767635805
3920.000000 0.0087025689378156
3930.000000 0.0085117725012944
3940.000000 0.0083222242341725
3950.000000 0.0081340013484889
3960.000000 0.0079471038442437
3970.000000 0.0077623627933523
3980.000000 0.0076528058429264
3990.000000 0.0074703224917081
4000.000000 0.0072884121228932
4010.000000 0.0071822661405712
4020.000000 0.0070518260861049
4030.000000 0.0069230051079547
4040.000000 0.0067943360100989
4050.000000 0.006655696443477
4060.000000 0.0065279921121008
4070.000000 0.0063998101864729
4080.000000 0.0062964599335573
4090.000000 0.0061932982730798
4100.000000 0.0060903397629055
4110.000000 0.0059875771204212
4120.000000 0.0058850030924587
4130.000000 0.0057826321927156
4140.000000 0.0057048869150559
4150.000000 0.0056132444474635
4160.000000 0.0055188778735099
4170.000000 0.0054258020736516
4180.000000 0.0053325828592121
4190.000000 0.0052406415845359
4200.000000 0.0051254065397318
4210.000000 0.0050109274476739
4220.000000 0.0048979127304935
4230.000000 0.0048307336377423
4240.000000 0.0047646233960858
4250.000000 0.0047014828649631
4260.000000 0.0046280156677641
4270.000000 0.0045546674039305
4280.000000 0.0044814380734624
4290.000000 0.0044090184051242
4300.000000 0.0043367095827812
4310.000000 0.0042652080624025
4320.000000 0.0042157110486276
4330.000000 0.0041669744015967
4340.000000 0.0041176277102536
4350.000000 0.004035473127926
4360.000000 0.0039369134204729
4370.000000 0.0038400557027494
4380.000000 0.0037661755543087
4390.000000 0.0036929810639383
4400.000000 0.003620465635253
4410.000000 0.0035486425125611
4420.000000 0.0034781478856094
4430.000000 0.0034076909768221
4440.000000 0.0033379197261051
4450.000000 0.003268206602497
4460.000000 0.003199805482998
4470.000000 0.0031320963602659
4480.000000 0.0030644606713509
4490.000000 0.0029981218344501
4500.000000 0.0029524023025575
4510.000000 0.0029070246209284
4520.000000 0.0028619949221083
4530.000000 0.0027984850502152
4540.000000 0.0027350690210836
4550.000000 0.0026723386500224
4560.000000 0.0026306100354655
4570.000000 0.0025899068445972
4580.000000 0.0025498442855212
4590.000000 0.0025282832803522
4600.000000 0.0025073209155854
4610.000000 0.0024858202034935
4620.000000 0.0024649172500368
4630.000000 0.0024434710458101
4640.000000 0.0024220609982745
4650.000000 0.002376612445047
4660.000000 0.00230427552279
4670.000000 0.0022330479101096
4680.000000 0.0021809947794418
4690.000000 0.002130050196764
4700.000000 0.0020796546860357
4710.000000 0.0020292822920923
4720.000000 0.0019799881297324
4730.000000 0.0019312482988735
4740.000000 0.0018755954038027
4750.000000 0.0018309788882201
4760.000000 0.0018035479912754
4770.000000 0.0017737615691925
4780.000000 0.001744582705361
4790.000000 0.0017150163950122
4800.000000 0.0016948109291953
4810.000000 0.0016751555005676
4820.000000 0.0016555738069182
4830.000000 0.0016355741504417
4840.000000 0.0016161263208721
4850.000000 0.0015962723446345
4860.000000 0.0015769632576337
4870.000000 0.0015572500831459
4880.000000 0.001538079738714
4890.000000 0.0015185025610291
4900.000000 0.0014990011144673
4910.000000 0.0014795657996407
4920.000000 0.0014606739909491
4930.000000 0.0014413842723132
4940.000000 0.0014226312061904
4950.000000 0.0014163888541874
4960.000000 0.0014052861647426
4970.000000 0.0013941834752977
4980.000000 0.0013679446983615
4990.000000 0.0013414906109068
5000.000000 0.0013157370169377
5010.000000 0.0012897846225728
5020.000000 0.0012645208318662
5030.000000 0.0012390655102957
5040.000000 0.0012142915228514
5050.000000 0.0011893289134062
5060.000000 0.0011650490898936
5070.000000 0.0011550548186298
5080.000000 0.0011450605473659
5090.000000 0.0011350662761021
5100.000000 0.0011113939777628
5110.000000 0.0010875508762437
5120.000000 0.001064364205945
5130.000000 0.0010410182884887
5140.000000 0.0010179268258557
5150.000000 0.0010012012918889
5160.000000 0.00099897183891604
5170.000000 0.00099674238594322
5180.000000 0.00099411832768733
5190.000000 0.00097886118425041
5200.000000 0.00096365861772656
5210.000000 0.00094812266256813
5220.000000 0.00093304205647238
5230.000000 0.00091762587185205
5240.000000 0.00090266324920787
5250.000000 0.00089896115545927
5260.000000 0.00088789332618166
5270.000000 0.00087682549690405
5280.000000 0.00085302499433855
5290.000000 0.00082992237140381
5300.000000 0.00080676814432235
5310.000000 0.00079618381627974
5320.000000 0.00078559948823713
5330.000000 0.00077501516019453
5340.000000 0.00075301954569464
5350.000000 0.00073319738412125
5360.000000 0.00071730451141603
5370.000000 0.00071269530775944
5380.000000 0.00070808610410285
5390.000000 0.00070347690044626
5400.000000 0.00068761080325091
5410.000000 0.00067222442967553
5420.000000 0.0006566531012513
5430.000000 0.00065226442439542
5440.000000 0.00064787574753954
5450.000000 0.00064380628948846
5460.000000 0.00063941543551319
5470.000000 0.00063502458153792
5480.000000 0.00063068837906177
5490.000000 0.00061628188581823
5500.000000 0.00060169905302161
5510.000000 0.00058756542756454
5520.000000 0.00058364441005459
5530.000000 0.00057972339254465
5540.000000 0.0005758023750347
5550.000000 0.00057188135752476
5560.000000 0.00056766399257778
5570.000000 0.00056374502095626
5580.000000 0.00055015209177524
5590.000000 0.00053640439476981
5600.000000 0.00052308730611817
5610.000000 0.00051937352264055
5620.000000 0.00051565973916292
5630.000000 0.00051194595568529
5640.000000 0.00049868456016056
5650.000000 0.00048584344021976
5660.000000 0.00047285904558945
5670.000000 0.00046663701052777
5680.000000 0.00046016326852112
5690.000000 0.00045368952651447
5700.000000 0.00044721578450782
5710.000000 0.00044074204250117
5720.000000 0.00043426830049451
5730.000000 0.00041953268610283
5740.000000 0.00040761485153991
5750.000000 0.00039737127080215
5760.000000 0.00039532104136076
5770.000000 0.00039327081191938
5780.000000 0.00039122058247799
5790.000000 0.00038892918006255
5800.000000 0.00038688022116999
5810.000000 0.00038483126227742
5820.000000 0.00038278230338485
5830.000000 0.00038073334449228
5840.000000 0.00038095946564924
5850.000000 0.00037461875600669
5860.000000 0.0003631639617716
5870.000000 0.0003520882781862
5880.000000 0.00034879089868199
5890.000000 0.00034549351917778
5900.000000 0.00034219613967357
5910.000000 0.00033889876016936
5920.000000 0.00033560138066516
5930.000000 0.00033230400116095
5940.000000 0.00032159032668672
5950.000000 0.00031123849678907
5960.000000 0.00030081782188907
5970.000000 0.00029795442471223
