3000.0 0.0
3010.0 0.0
3020.0 0.0
3030.0 0.0
3040.0 0.0
3050.0 0.0
3060.0 0.0
3070.0 0.0
3080.0 0.0
3090.0 0.0
3100.0 0.0
3110.0 0.0
3120.0 0.0
3130.0 0.0
3140.0 0.0
3150.0 0.0
3160.0 0.0
3170.0 0.0
3180.0 0.0
3190.0 0.0
3200.0 0.0
3210.0 0.0
3220.0 0.0
3230.0 0.0
3240.0 0.0
3250.0 0.0
3260.0 0.0
3270.0 0.0
3280.0 0.0
3290.0 0.0
3300.0 0.0
3310.0 0.0
3320.0 0.0
3330.0 0.0
3340.0 0.0
3350.0 0.0
3360.0 0.0
3370.0 0.0
3380.0 0.0
3390.0 0.0
3400.0 0.0
3410.0 0.0
3420.0 0.0
3430.0 0.0
3440.0 0.0
3450.0 0.0
3460.0 0.0
3470.0 0.0
3480.0 0.0
3490.0 0.0
3500.0 0.0
3510.0 0.0
3520.0 0.0
3530.0 0.0
3540.0 0.0
3550.0 0.0
3560.0 0.0
3570.0 0.0
3580.0 0.0
3590.0 0.0
3600.0 0.0
3610.0 0.0
3620.0 0.0
3630.0 0.0
3640.0 0.0
3650.0 0.0
3660.0 0.0
3670.0 0.0
3680.0 0.0
3690.0 0.0
3700.0 0.0
3710.0 0.0
3720.0 0.0
3730.0 0.0
3740.0 0.0
3750.0 0.0
3760.0 0.0
3770.0 0.0
3780.0 0.0
3790.0 0.0
3800.0 0.0
3810.0 0.0
3820.0 0.0
3830.0 0.0
3840.0 0.0
3850.0 0.0
3860.0 0.0
3870.0 0.0
3880.0 0.0
3890.0 0.0
3900.0 0.0
3910.0 0.0
3920.0 0.0
3930.0 0.0
3940.0 0.0
3950.0 0.0
3960.0 0.0
3970.0 0.0
3980.0 0.0
3990.0 0.0
4000.0 0.0
4010.0 0.0
4020.0 0.0
4030.0 0.0
4040.0 0.0
4050.0 0.0
4060.0 0.0
4070.0 0.0
4080.0 0.0
4090.0 0.0
4100.0 0.0
4110.0 0.0
4120.0 0.0
4130.0 0.0
4140.0 0.0
4150.0 0.0
4160.0 0.0
4170.0 0.0
4180.0 0.0
4190.0 0.0
4200.0 0.0
4210.0 0.0
4220.0 0.0
4230.0 0.0
4240.0 0.0
4250.0 0.0
4260.0 0.0
4270.0 0.0
4280.0 0.0
4290.0 0.0
4300.0 0.0
4310.0 0.0
4320.0 0.0
4330.0 0.0
4340.0 0.0
4350.0 0.0
4360.0 0.0
4370.0 0.0
4380.0 0.0
4390.0 0.0
4400.0 0.0
4410.0 0.0
4420.0 0.0
4430.0 0.0
4440.0 0.0
4450.0 0.0
4460.0 0.0
4470.0 0.0
4480.0 0.0
4490.0 0.0
4500.0 0.0
4510.0 0.0
4520.0 0.0
4530.0 0.0
4540.0 0.0
4550.0 0.0
4560.0 0.0
4570.0 0.0
4580.0 0.0
4590.0 0.0
4600.0 0.0
4610.0 0.0
4620.0 0.0
4630.0 0.0
4640.0 0.0
4650.0 0.0
4660.0 0.0
4670.0 0.0
4680.0 0.0
4690.0 0.0
4700.0 0.0
4710.0 0.0
4720.0 0.0
4730.0 0.0
4740.0 0.0
4750.0 0.0
4760.0 0.0
4770.0 0.0
4780.0 0.0
4790.0 0.0
4800.0 0.0
4810.0 0.0
4820.0 0.0
4830.0 0.0
4840.0 0.0
4850.0 0.0
4860.0 0.0
4870.0 0.0
4880.0 0.0
4890.0 0.0
4900.0 0.0
4910.0 0.0
4920.0 0.0
4930.0 0.0
4940.0 0.0
4950.0 0.0
4960.0 0.0
4970.0 0.0
4980.0 0.0
4990.0 0.0
5000.0 0.0
5010.0 0.0
5020.0 0.0
5030.0 0.0
5040.0 0.0
5050.0 0.0
5060.0 0.0
5070.0 0.0
5080.0 0.0
5090.0 0.0
5100.0 0.0
5110.0 0.0
5120.0 0.0
5130.0 0.0
5140.0 0.0
5150.0 0.0
5160.0 0.0
5170.0 0.0
5180.0 0.0
5190.0 0.0
5200.0 0.0
5210.0 0.0
5220.0 0.0
5230.0 0.0
5240.0 0.0
5250.0 0.0
5260.0 0.0
5270.0 0.0
5280.0 0.0
5290.0 0.0
5300.0 0.0
5310.0 0.0
5320.0 0.0
5330.0 0.0
5340.0 0.0
5350.0 0.0
5360.0 0.0
5370.0 0.0
5380.0 0.0
5390.0 0.0
5400.0 0.0
5410.0 0.0
5420.0 0.0
5430.0 0.0
5440.0 0.0
5450.0 0.0
5460.0 0.0
5470.0 0.0
5480.0 0.0
5490.0 0.0
5500.0 0.0
5510.0 0.0
5520.0 0.0
5530.0 0.0
5540.0 0.0
5550.0 0.0
5560.0 0.0
5570.0 0.0
5580.0 0.0
5590.0 0.0
5600.0 0.0
5610.0 0.0
5620.0 0.0
5630.0 0.0
5640.0 0.0
5650.0 0.0
5660.0 0.0
5670.0 0.0
5680.0 0.0
5690.0 0.0
5700.0 0.0
5710.0 0.0
5720.0 0.0
5730.0 0.0
5740.0 0.0
5750.0 0.0
5760.0 0.0
5770.0 0.0
5780.0 0.0
5790.0 0.0
5800.0 0.0
5810.0 0.0
5820.0 0.0
5830.0 0.0
5840.0 0.0
5850.0 0.0
5860.0 0.0
5870.0 0.0
5880.0 0.0
5890.0 0.0
5900.0 0.0
5910.0 0.0
5920.0 0.0
5930.0 0.0
5940.0 0.0
5950.0 0.0
5960.0 0.0
5970.0 0.0
5980.0 0.0
5990.0 0.0
6000.0 0.0
6010.0 0.0
6020.0 0.0
6030.0 0.0
6040.0 0.0
6050.0 0.0
6060.0 0.0
6070.0 0.0
6080.0 0.0
6090.0 0.0
6100.0 0.0
6110.0 0.0
6120.0 0.0
6130.0 0.0
6140.0 0.0
6150.0 0.0
6160.0 0.0
6170.0 0.0
6180.0 0.0
6190.0 0.0
6200.0 0.0
6210.0 0.0
6220.0 0.0
6230.0 0.0
6240.0 0.0
6250.0 0.0
6260.0 0.0
6270.0 0.0
6280.0 0.0
6290.0 0.0
6300.0 0.0
6310.0 0.0
6320.0 0.0
6330.0 0.0
6340.0 0.0
6350.0 0.0
6360.0 0.0
6370.0 0.0
6380.0 0.0
6390.0 0.0
6400.0 0.0
6410.0 0.0
6420.0 0.0
6430.0 0.0
6440.0 0.0
6450.0 0.0
6460.0 0.0
6470.0 0.0
6480.0 0.0
6490.0 0.0
6500.0 0.0
6510.0 0.0
6520.0 0.0
6530.0 0.0
6540.0 0.0
6550.0 0.0
6560.0 0.0
6570.0 0.0
6580.0 0.0
6590.0 0.0
6600.0 0.0
6610.0 0.0
6620.0 0.0
6630.0 0.0
6640.0 0.0
6650.0 0.0
6660.0 0.0
6670.0 0.0
6680.0 0.0
6690.0 0.0
6700.0 0.0
6710.0 0.0
6720.0 0.0
6730.0 0.0
6740.0 0.0
6750.0 0.0
6760.0 0.0
6770.0 0.0
6780.0 0.0
6790.0 0.0
6800.0 0.0
6810.0 0.0
6820.0 0.0
6830.0 0.0
6840.0 0.0
6850.0 0.0
6860.0 0.0
6870.0 0.0
6880.0 0.0
6890.0 0.0
6900.0 0.0
6910.0 0.0
6920.0 0.0
6930.0 0.0
6940.0 0.0
6950.0 0.0
6960.0 0.0
6970.0 0.0
6980.0 0.0
6990.0 0.0
7000.0 0.0
7010.0 0.0
7020.0 0.0
7030.0 0.0
7040.0 0.0
7050.0 0.0
7060.0 0.0
7070.0 0.0
7080.0 0.0
7090.0 0.0
7100.0 0.0
7110.0 0.0
7120.0 0.0
7130.0 0.0
7140.0 0.0
7150.0 0.0
7160.0 0.0
7170.0 0.0
7180.0 0.0
7190.0 0.0
7200.0 0.0
7210.0 0.0
7220.0 0.0
7230.0 0.0
7240.0 0.0
7250.0 0.0
7260.0 0.0
7270.0 0.0
7280.0 0.0
7290.0 0.0
7300.0 0.0
7310.0 0.0
7320.0 0.0
7330.0 0.0
7340.0 0.0
7350.0 0.0
7360.0 0.0
7370.0 0.0
7380.0 0.0
7390.0 0.0
7400.0 0.0
7410.0 0.0
7420.0 0.0
7430.0 0.0
7440.0 0.0
7450.0 0.0
7460.0 0.0
7470.0 0.0
7480.0 0.0
7490.0 0.0
7500.0 0.0
7510.0 0.0
7520.0 0.0
7530.0 0.0
7540.0 0.0
7550.0 0.0
7560.0 0.0
7570.0 0.0
7580.0 0.0
7590.0 0.0
7600.0 0.0
7610.0 0.0
7620.0 0.0
7630.0 0.0
7640.0 0.0
7650.0 0.0
7660.0 0.0
7670.0 0.0
7680.0 0.0
7690.0 0.0
7700.0 0.0
7710.0 0.0
7720.0 0.0
7730.0 0.0
7740.0 0.0
7750.0 0.0
7760.0 0.0
7770.0 0.0
7780.0 0.0
7790.0 0.0
7800.0 0.0
7810.0 0.0
7820.0 0.0
7830.0 0.0
7840.0 0.0
7850.0 0.0
7860.0 0.0
7870.0 0.0
7880.0 0.0
7890.0 0.0
7900.0 0.0
7910.0 0.0
7920.0 0.0
7930.0 0.0
7940.0 0.0
7950.0 0.0
7960.0 0.0
7970.0 0.0
7980.0 0.0
7990.0 0.0
8000.0 0.0
8010.0 0.0
8020.0 0.0
8030.0 0.0
8040.0 0.0
8050.0 0.0
8060.0 0.0
8070.0 0.0
8080.0 0.0
8090.0 0.0
8100.0 0.0
8110.0 0.0
8120.0 0.0
8130.0 0.0
8140.0 0.0
8150.0 0.0
8160.0 0.0
8170.0 0.0
8180.0 0.0
8190.0 0.0
8200.0 0.0
8210.0 0.0
8220.0 0.0
8230.0 0.0
8240.0 0.0
8250.0 0.0
8260.0 0.00329736179805
8270.0 0.00371910191493
8280.0 0.00430395293426
8290.0 0.00431005093323
8300.0 0.00431814797613
8310.0 0.00477242265615
8320.0 0.00549175310204
8330.0 0.00622630975633
8340.0 0.00696829979972
8350.0 0.0100416245716
8360.0 0.0105932495845
8370.0 0.0111631382822
8380.0 0.0117722901275
8390.0 0.0175292438986
8400.0 0.0212146875756
8410.0 0.0248378443213
8420.0 0.0285572276908
8430.0 0.0575017386779
8440.0 0.0541984462845
8450.0 0.0857985880838
8460.0 0.117467796189
8470.0 0.244230338492
8480.0 0.240407932978
8490.0 0.332667638416
8500.0 0.424536457073
8510.0 0.501619891874
8520.0 0.579169322545
8530.0 0.626874515171
8540.0 0.673650445842
8550.0 0.68820689055
8560.0 0.703456868509
8570.0 0.70151873889
8580.0 0.709188471657
8590.0 0.697208745337
8600.0 0.697065710684
8610.0 0.699735067292
8620.0 0.703533524057
8630.0 0.710441430326
8640.0 0.716857738757
8650.0 0.718320410468
8660.0 0.716554837132
8670.0 0.721031755162
8680.0 0.720333454278
8690.0 0.719652420157
8700.0 0.719715615845
8710.0 0.719834207214
8720.0 0.720388541444
8730.0 0.720790107038
8740.0 0.720259017103
8750.0 0.722951100002
8760.0 0.724276498789
8770.0 0.725667356247
8780.0 0.726791624958
8790.0 0.728313967434
8800.0 0.728975146909
8810.0 0.729773536976
8820.0 0.73071215114
8830.0 0.731977269947
8840.0 0.732597569602
8850.0 0.732421838972
8860.0 0.732154452333
8870.0 0.733677520368
8880.0 0.734523032539
8890.0 0.735635230566
8900.0 0.732130912012
8910.0 0.731135180693
8920.0 0.728089916847
8930.0 0.719770991812
8940.0 0.715344327774
8950.0 0.702979237669
8960.0 0.691798276805
8970.0 0.680667182262
8980.0 0.675566912149
8990.0 0.660793731964
9000.0 0.663986919988
9010.0 0.661160962758
9020.0 0.663150353329
9030.0 0.690753575099
9040.0 0.707760910562
9050.0 0.706938430008
9060.0 0.699272899755
9070.0 0.680693464653
9080.0 0.668002598545
9090.0 0.66681413221
9100.0 0.666876756408
9110.0 0.672776465826
9120.0 0.670087023572
9130.0 0.651693792571
9140.0 0.659537970481
9150.0 0.666622578925
9160.0 0.668128638223
9170.0 0.671348394994
9180.0 0.676150277771
9190.0 0.691494982468
9200.0 0.701564511615
9210.0 0.698070484832
9220.0 0.696427295566
9230.0 0.691921989254
9240.0 0.680344340096
9250.0 0.675676993702
9260.0 0.672797235752
9270.0 0.661482406788
9280.0 0.643428559736
9290.0 0.619481911847
9300.0 0.591437551582
9310.0 0.559736867236
9320.0 0.518677981597
9330.0 0.485471485944
9340.0 0.448170188989
9350.0 0.440803675262
9360.0 0.448689294749
9370.0 0.439440940894
9380.0 0.469582715743
9390.0 0.546482554846
9400.0 0.550049716658
9410.0 0.532769902382
9420.0 0.503808639381
9430.0 0.45773000401
9440.0 0.451469543819
9450.0 0.468485032039
9460.0 0.469623055871
9470.0 0.482724753362
9480.0 0.491140910897
9490.0 0.490905249305
9500.0 0.492653270096
9510.0 0.512084282208
9520.0 0.494657925434
9530.0 0.507953793674
9540.0 0.521808197256
9550.0 0.511496831406
9560.0 0.509238855258
9570.0 0.542968504437
9580.0 0.546388667335
9590.0 0.540258467229
9600.0 0.536687288277
9610.0 0.53201434759
9620.0 0.533025649685
9630.0 0.549033961173
9640.0 0.550016550618
9650.0 0.546886032993
9660.0 0.546943758451
9670.0 0.558125551066
9680.0 0.575871906602
9690.0 0.582650252222
9700.0 0.581269481368
9710.0 0.579254315388
9720.0 0.574059855016
9730.0 0.565714270425
9740.0 0.555909638337
9750.0 0.54855776134
9760.0 0.549744264739
9770.0 0.554196053593
9780.0 0.549103192506
9790.0 0.546888950466
9800.0 0.549797854469
9810.0 0.54600347508
9820.0 0.538384967171
9830.0 0.536786656401
9840.0 0.534940197014
9850.0 0.531191457872
9860.0 0.527384648021
9870.0 0.52182769965
9880.0 0.516599073248
9890.0 0.511264216142
9900.0 0.506489036699
9910.0 0.502400653336
9920.0 0.495125913023
9930.0 0.487658499014
9940.0 0.463993637059
9950.0 0.439956175431
9960.0 0.392976207237
9970.0 0.345685063611
9980.0 0.282870259957
9990.0 0.220290934775
10000.0 0.167481580517
10010.0 0.114375194679
10020.0 0.0813943032681
10030.0 0.0487987878504
10040.0 0.0342497169695
10050.0 0.0196320262078
10060.0 0.0139045768304
10070.0 0.00816662406678
10080.0 0.0062250804651
10090.0 0.00428859547962
10100.0 0.00339449901002
10110.0 0.0025028673141
10120.0 0.00189679714145
10130.0 0.00128878911427
10140.0 0.00133633394011
10150.0 0.0
10160.0 0.0
10170.0 0.0
10180.0 0.0
10190.0 0.0
10200.0 0.0
10210.0 0.0
10220.0 0.0
10230.0 0.0
10240.0 0.0
10250.0 0.0
10260.0 0.0
10270.0 0.0
10280.0 0.0
10290.0 0.0
10300.0 0.0
10310.0 0.0
10320.0 0.0
10330.0 0.0
10340.0 0.0
10350.0 0.0
10360.0 0.0
10370.0 0.0
10380.0 0.0
10390.0 0.0
10400.0 0.0
10410.0 0.0
10420.0 0.0
10430.0 0.0
10440.0 0.0
10450.0 0.0
10460.0 0.0
10470.0 0.0
10480.0 0.0
10490.0 0.0
10500.0 0.0
10510.0 0.0
10520.0 0.0
10530.0 0.0
10540.0 0.0
10550.0 0.0
10560.0 0.0
10570.0 0.0
10580.0 0.0
10590.0 0.0
10600.0 0.0
10610.0 0.0
10620.0 0.0
10630.0 0.0
10640.0 0.0
10650.0 0.0
10660.0 0.0
10670.0 0.0
10680.0 0.0
10690.0 0.0
10700.0 0.0
10710.0 0.0
10720.0 0.0
10730.0 0.0
10740.0 0.0
10750.0 0.0
10760.0 0.0
10770.0 0.0
10780.0 0.0
10790.0 0.0
10800.0 0.0
10810.0 0.0
10820.0 0.0
10830.0 0.0
10840.0 0.0
10850.0 0.0
10860.0 0.0
10870.0 0.0
10880.0 0.0
10890.0 0.0
10900.0 0.0
10910.0 0.0
10920.0 0.0
10930.0 0.0
10940.0 0.0
10950.0 0.0
10960.0 0.0
10970.0 0.0
10980.0 0.0
10990.0 0.0
11000.0 0.0
