      1700.96  -4.72550e-15
      1702.33   4.27800e-15
      1703.70   5.25730e-15
      1705.08   1.29010e-14
      1706.45   1.01140e-15
      1707.82   9.53110e-15
      1709.19   1.03170e-14
      1710.56   8.01970e-15
      1711.93   1.03360e-15
      1713.30   3.27860e-15
      1714.67   4.93720e-15
      1716.05   1.06240e-14
      1717.42   1.08790e-14
      1718.79   5.03530e-15
      1720.16   1.88080e-14
      1721.53   1.62500e-14
      1722.90   1.72380e-14
      1724.27   1.72950e-14
      1725.65   1.58130e-14
      1727.02   2.23860e-14
      1728.39   1.78190e-14
      1729.76   1.76620e-14
      1731.13   2.10260e-14
      1732.50   1.97600e-14
      1733.88   2.04880e-14
      1735.25   2.17440e-14
      1736.62   2.09910e-14
      1737.99   2.31910e-14
      1739.36   2.84960e-14
      1740.73   3.44510e-14
      1742.11   2.96930e-14
      1743.48   3.19180e-14
      1744.85   2.99610e-14
      1746.22   2.84990e-14
      1747.59   3.64490e-14
      1748.96   3.65900e-14
      1750.34   3.59400e-14
      1751.71   3.85880e-14
      1753.08   3.84860e-14
      1754.45   4.34790e-14
      1755.82   4.60690e-14
      1757.19   4.59380e-14
      1758.57   4.63130e-14
      1759.94   4.43520e-14
      1761.31   4.24860e-14
      1762.68   4.34250e-14
      1764.05   4.29140e-14
      1765.43   5.20200e-14
      1766.80   4.64110e-14
      1768.17   5.18810e-14
      1769.54   5.62050e-14
      1770.91   5.96890e-14
      1772.28   5.68930e-14
      1773.66   5.80830e-14
      1775.03   5.97550e-14
      1776.40   6.16430e-14
      1777.77   6.33840e-14
      1779.14   6.75440e-14
      1780.52   6.25030e-14
      1781.89   6.33840e-14
      1783.26   6.49010e-14
      1784.63   6.88120e-14
      1786.01   6.74490e-14
      1787.38   7.34110e-14
      1788.75   7.77060e-14
      1790.12   7.79620e-14
      1791.49   7.56010e-14
      1792.87   7.26990e-14
      1794.24   7.02920e-14
      1795.61   7.05510e-14
      1796.98   7.54070e-14
      1798.35   8.03520e-14
      1799.73   8.45440e-14
      1801.10   8.47460e-14
      1802.47   7.84600e-14
      1803.84   7.49800e-14
      1805.22   5.71840e-14
      1806.59   5.73760e-14
      1807.96   7.04570e-14
      1809.33   8.24670e-14
      1810.70   7.69100e-14
      1812.08   7.29040e-14
      1813.45   7.44920e-14
      1814.82   7.65810e-14
      1816.19   7.51180e-14
      1817.57   7.33450e-14
      1818.94   7.04390e-14
      1820.31   8.03120e-14
      1821.68   8.39050e-14
      1823.06   8.36660e-14
      1824.43   7.47780e-14
      1825.80   8.01090e-14
      1827.17   8.41220e-14
      1828.55   8.67170e-14
      1829.92   8.47810e-14
      1831.29   8.95940e-14
      1832.66   8.89550e-14
      1834.04   8.51170e-14
      1835.41   8.71730e-14
      1836.78   8.31680e-14
      1838.15   7.10100e-14
      1839.53   6.87750e-14
      1840.90   8.20580e-14
      1842.27   7.46610e-14
      1843.64   6.63380e-14
      1845.02   5.63980e-14
      1846.39   5.65530e-14
      1847.76   6.61930e-14
      1849.13   5.82690e-14
      1850.51   6.53980e-14
      1851.88   8.17260e-14
      1853.25   9.02570e-14
      1854.62   9.01850e-14
      1856.00   8.79410e-14
      1857.37   8.63440e-14
      1858.74   9.25440e-14
      1860.11   9.22670e-14
      1861.49   9.28630e-14
      1862.86   8.84470e-14
      1864.23   9.50470e-14
      1865.61   1.03650e-13
      1866.98   1.04450e-13
      1868.35   1.04920e-13
      1869.72   1.03750e-13
      1871.10   1.01100e-13
      1872.47   9.93320e-14
      1873.84   9.48440e-14
      1875.21   9.44820e-14
      1876.59   9.74580e-14
      1877.96   1.01860e-13
      1879.33   1.00410e-13
      1880.71   1.09620e-13
      1882.08   1.12710e-13
      1883.45   1.16560e-13
      1884.82   1.15730e-13
      1886.20   1.09980e-13
      1887.57   1.14150e-13
      1888.94   1.14140e-13
      1890.32   1.12680e-13
      1891.69   1.12760e-13
      1893.06   1.17330e-13
      1894.44   1.12310e-13
      1895.81   1.09490e-13
      1897.18   1.01600e-13
      1898.55   9.79690e-14
      1899.93   1.00710e-13
      1901.30   1.13260e-13
      1902.67   1.14110e-13
      1904.05   1.14480e-13
      1905.42   1.18830e-13
      1906.79   1.18710e-13
      1908.17   1.15250e-13
      1909.54   1.20900e-13
      1910.91   1.23740e-13
      1912.28   1.24340e-13
      1913.66   1.30480e-13
      1915.03   1.27070e-13
      1916.40   1.27760e-13
      1917.78   1.34080e-13
      1919.15   1.35310e-13
      1920.52   1.31900e-13
      1921.90   1.30860e-13
      1923.27   1.24770e-13
      1924.64   1.26070e-13
      1926.02   1.24000e-13
      1927.39   1.10180e-13
      1928.76   9.18170e-14
      1930.14   9.87510e-14
      1931.51   1.11930e-13
      1932.88   1.16780e-13
      1934.25   1.18110e-13
      1935.63   1.26550e-13
      1937.00   1.40430e-13
      1938.37   1.40420e-13
      1939.75   1.44230e-13
      1941.12   1.48200e-13
      1942.49   1.43530e-13
      1943.87   1.41010e-13
      1945.24   1.42680e-13
      1946.61   1.46750e-13
      1947.99   1.43010e-13
      1949.36   1.39940e-13
      1950.73   1.35950e-13
      1952.11   1.46390e-13
      1953.48   1.40380e-13
      1954.85   1.39850e-13
      1956.23   1.40920e-13
      1957.60   1.44600e-13
      1958.97   1.37210e-13
      1960.35   1.38250e-13
      1961.72   1.40100e-13
      1963.09   1.49230e-13
      1964.47   1.55100e-13
      1965.84   1.56540e-13
      1967.21   1.58850e-13
      1968.59   1.57060e-13
      1969.96   1.52200e-13
      1971.34   1.50410e-13
      1972.71   1.46740e-13
      1974.08   1.45880e-13
      1975.46   1.45180e-13
      1976.83   1.40980e-13
      1978.20   1.43680e-13
      1979.58   1.46950e-13
      1980.95   1.48150e-13
      1982.32   1.45690e-13
      1983.70   1.43400e-13
      1985.07   1.42650e-13
      1986.44   1.40240e-13
      1987.82   1.38170e-13
      1989.19   1.46110e-13
      1990.56   1.51150e-13
      1991.94   1.50040e-13
      1993.31   1.50820e-13
      1994.69   1.53690e-13
      1996.06   1.55200e-13
      1997.43   1.49850e-13
      1998.81   1.49240e-13
      2000.18   1.54310e-13
      2001.55   1.54860e-13
      2002.93   1.49580e-13
      2004.30   1.55820e-13
      2005.67   1.50870e-13
      2007.05   1.57240e-13
      2008.42   1.57840e-13
      2009.80   1.49580e-13
      2011.17   1.58550e-13
      2012.54   1.60750e-13
      2013.92   1.61600e-13
      2015.29   1.59130e-13
      2016.66   1.63050e-13
      2018.04   1.57140e-13
      2019.41   1.54800e-13
      2020.78   1.53750e-13
      2022.16   1.53690e-13
      2023.53   1.43040e-13
      2024.91   1.36410e-13
      2026.28   1.57730e-13
      2027.65   1.65190e-13
      2029.03   1.70870e-13
      2030.40   1.70100e-13
      2031.78   1.61810e-13
      2033.15   1.65220e-13
      2034.52   1.67230e-13
      2035.90   1.72680e-13
      2037.27   1.67950e-13
      2038.64   1.68600e-13
      2040.02   1.74650e-13
      2041.39   1.83940e-13
      2042.77   1.82110e-13
      2044.14   1.85940e-13
      2045.51   1.89540e-13
      2046.89   1.92380e-13
      2048.26   1.90770e-13
      2049.63   1.88170e-13
      2051.01   1.88940e-13
      2052.38   1.79770e-13
      2053.76   1.64440e-13
      2055.13   1.66200e-13
      2056.50   1.71000e-13
      2057.88   1.73870e-13
      2059.25   1.75420e-13
      2060.63   1.66120e-13
      2062.00   1.75940e-13
      2063.37   1.79830e-13
      2064.75   1.78190e-13
      2066.12   1.83250e-13
      2067.50   1.90730e-13
      2068.87   1.93030e-13
      2070.24   1.98620e-13
      2071.62   1.99590e-13
      2072.99   2.02890e-13
      2074.37   2.08330e-13
      2075.74   2.05270e-13
      2077.11   2.03810e-13
      2078.49   2.02440e-13
      2079.86   1.93960e-13
      2081.24   1.94070e-13
      2082.61   1.95430e-13
      2083.98   1.99560e-13
      2085.36   2.05840e-13
      2086.73   2.02820e-13
      2088.11   2.02050e-13
      2089.48   2.00470e-13
      2090.85   2.01740e-13
      2092.23   1.95620e-13
      2093.60   1.93750e-13
      2094.98   2.01170e-13
      2096.35   2.00370e-13
      2097.72   2.00580e-13
      2099.10   1.94440e-13
      2100.47   1.97830e-13
      2101.85   1.91790e-13
      2103.22   2.03780e-13
      2104.59   2.05200e-13
      2105.97   1.93690e-13
      2107.34   1.85960e-13
      2108.72   1.85820e-13
      2110.09   1.91780e-13
      2111.47   1.90220e-13
      2112.84   1.92010e-13
      2114.21   2.06370e-13
      2115.59   2.13390e-13
      2116.96   2.13670e-13
      2118.34   2.14390e-13
      2119.71   2.09320e-13
      2121.08   1.86090e-13
      2122.46   1.63750e-13
      2123.83   1.71770e-13
      2125.21   1.96000e-13
      2126.58   1.95430e-13
      2127.96   1.87980e-13
      2129.33   1.79980e-13
      2130.70   1.73690e-13
      2132.08   1.67450e-13
      2133.45   1.65550e-13
      2134.83   1.82130e-13
      2136.20   1.92110e-13
      2137.57   1.88290e-13
      2138.95   1.97070e-13
      2140.32   2.06950e-13
      2141.70   2.09100e-13
      2143.07   2.06260e-13
      2144.45   2.02630e-13
      2145.82   1.98800e-13
      2147.19   2.01430e-13
      2148.57   1.98930e-13
      2149.94   1.91020e-13
      2151.32   2.03690e-13
      2152.69   2.06050e-13
      2154.07   2.03000e-13
      2155.44   2.00900e-13
      2156.81   1.88710e-13
      2158.19   1.80830e-13
      2159.56   1.93990e-13
      2160.94   2.01950e-13
      2162.31   2.00840e-13
      2163.69   1.87870e-13
      2165.06   1.79220e-13
      2166.43   1.88400e-13
      2167.81   1.94220e-13
      2169.18   1.99700e-13
      2170.56   1.98190e-13
      2171.93   1.95050e-13
      2173.31   1.88280e-13
      2174.68   1.92660e-13
      2176.05   1.96280e-13
      2177.43   2.12690e-13
      2178.80   2.24700e-13
      2180.18   2.33690e-13
      2181.55   2.25960e-13
      2182.93   2.15640e-13
      2184.30   2.15230e-13
      2185.67   2.02570e-13
      2187.05   2.16100e-13
      2188.42   2.22290e-13
      2189.80   2.23640e-13
      2191.17   2.29890e-13
      2192.55   2.43380e-13
      2193.92   2.43840e-13
      2195.29   2.40390e-13
      2196.67   2.44860e-13
      2198.04   2.38460e-13
      2199.42   2.25400e-13
      2200.79   2.39000e-13
      2202.17   2.46750e-13
      2203.54   2.41160e-13
      2204.92   2.24400e-13
      2206.29   2.14410e-13
      2207.66   2.05170e-13
      2209.04   1.85970e-13
      2210.41   1.93630e-13
      2211.79   2.14140e-13
      2213.16   2.13070e-13
      2214.54   2.03060e-13
      2215.91   1.94240e-13
      2217.28   2.18060e-13
      2218.66   2.26660e-13
      2220.03   2.29540e-13
      2221.41   2.29500e-13
      2222.78   2.29610e-13
      2224.16   2.28830e-13
      2225.53   2.27160e-13
      2226.91   2.32540e-13
      2228.28   2.42600e-13
      2229.65   2.45410e-13
      2231.03   2.53730e-13
      2232.40   2.56080e-13
      2233.78   2.58250e-13
      2235.15   2.56050e-13
      2236.53   2.55280e-13
      2237.90   2.58030e-13
      2239.28   2.48840e-13
      2240.65   2.35650e-13
      2242.02   2.31690e-13
      2243.40   2.27820e-13
      2244.77   2.37020e-13
      2246.15   2.34190e-13
      2247.52   2.22440e-13
      2248.90   2.19830e-13
      2250.27   2.24130e-13
      2251.65   2.18400e-13
      2253.02   2.14340e-13
      2254.39   2.20060e-13
      2255.77   2.31740e-13
      2257.14   2.26720e-13
      2258.52   2.16160e-13
      2259.89   2.24800e-13
      2261.27   2.30160e-13
      2262.64   2.22780e-13
      2264.02   2.16600e-13
      2265.39   2.12650e-13
      2266.76   2.14870e-13
      2268.14   2.24630e-13
      2269.51   2.29330e-13
      2270.89   2.31640e-13
      2272.26   2.31500e-13
      2273.64   2.25780e-13
      2275.01   2.25680e-13
      2276.39   2.34310e-13
      2277.76   2.37930e-13
      2279.14   2.46830e-13
      2280.51   2.57740e-13
      2281.88   2.44120e-13
      2283.26   2.50460e-13
      2284.63   2.46150e-13
      2286.01   2.32970e-13
      2287.38   2.41110e-13
      2288.76   2.33420e-13
      2290.13   2.32790e-13
      2291.51   2.35870e-13
      2292.88   2.36370e-13
      2294.25   2.31110e-13
      2295.63   2.10120e-13
      2297.00   2.04020e-13
      2298.38   2.18860e-13
      2299.75   2.27590e-13
      2301.13   2.30930e-13
      2302.50   2.34470e-13
      2303.88   2.52580e-13
      2305.25   2.50970e-13
      2306.62   2.45460e-13
      2308.00   2.46960e-13
      2309.37   2.34620e-13
      2310.75   2.17330e-13
      2312.12   2.23050e-13
      2313.50   2.38830e-13
      2314.87   2.46890e-13
      2316.25   2.46050e-13
      2317.62   2.41430e-13
      2319.00   2.37450e-13
      2320.37   2.50700e-13
      2321.74   2.59060e-13
      2323.12   2.43610e-13
      2324.49   2.20580e-13
      2325.87   2.20240e-13
      2327.24   2.42500e-13
      2328.62   2.33920e-13
      2329.99   2.02220e-13
      2331.37   1.95500e-13
      2332.74   2.17470e-13
      2334.11   2.32720e-13
      2335.49   2.10350e-13
      2336.86   1.95850e-13
      2338.24   2.13130e-13
      2339.61   2.15470e-13
      2340.99   1.85530e-13
      2342.36   1.44000e-13
      2343.74   1.51440e-13
      2345.11   1.67530e-13
      2346.48   1.70130e-13
      2347.86   2.07920e-13
      2349.23   2.35160e-13
      2350.61   2.47290e-13
      2351.98   2.40120e-13
      2353.36   2.28430e-13
      2354.73   2.41740e-13
      2356.11   2.36200e-13
      2357.48   1.94410e-13
      2358.86   1.78090e-13
      2360.23   2.11920e-13
      2361.60   2.22890e-13
      2362.98   2.09540e-13
      2364.35   2.11640e-13
      2365.73   2.22440e-13
      2367.10   2.31740e-13
      2368.48   2.41880e-13
      2369.85   2.45960e-13
      2371.23   2.27050e-13
      2372.60   2.02660e-13
      2373.97   2.22380e-13
      2375.35   2.42830e-13
      2376.72   2.20270e-13
      2378.10   1.81640e-13
      2379.47   1.41840e-13
      2380.85   1.12640e-13
      2382.22   1.53900e-13
      2383.60   2.05880e-13
      2384.97   2.21820e-13
      2386.34   1.91260e-13
      2387.72   1.95920e-13
      2389.09   2.37330e-13
      2390.47   2.45310e-13
      2391.84   2.31000e-13
      2393.22   1.77710e-13
      2394.59   1.62420e-13
      2395.97   1.97180e-13
      2397.34   1.91990e-13
      2398.71   2.06260e-13
      2400.09   2.29330e-13
      2401.46   2.11560e-13
      2402.84   1.67330e-13
      2404.21   1.52100e-13
      2405.59   1.75750e-13
      2406.96   2.03490e-13
      2408.34   1.85600e-13
      2409.71   1.62410e-13
      2411.08   1.91740e-13
      2412.46   2.08130e-13
      2413.83   2.39100e-13
      2415.21   2.48020e-13
      2416.58   2.59910e-13
      2417.96   2.71520e-13
      2419.33   2.84460e-13
      2420.71   2.79240e-13
      2422.08   2.54580e-13
      2423.45   2.55080e-13
      2424.83   2.73270e-13
      2426.20   2.73250e-13
      2427.58   2.61950e-13
      2428.95   2.68050e-13
      2430.33   2.70630e-13
      2431.70   2.54080e-13
      2433.07   2.39310e-13
      2434.45   2.36050e-13
      2435.82   2.47850e-13
      2437.20   2.53970e-13
      2438.57   2.58160e-13
      2439.95   2.78200e-13
      2441.32   2.80280e-13
      2442.70   2.67720e-13
      2444.07   2.61770e-13
      2445.44   2.61160e-13
      2446.82   2.64710e-13
      2448.19   2.56680e-13
      2449.57   2.47130e-13
      2450.94   2.51050e-13
      2452.32   2.55020e-13
      2453.69   2.63720e-13
      2455.06   2.68620e-13
      2456.44   2.72680e-13
      2457.81   2.65030e-13
      2459.19   2.54410e-13
      2460.56   2.38840e-13
      2461.94   2.41740e-13
      2463.31   2.51400e-13
      2464.69   2.52710e-13
      2466.06   2.52430e-13
      2467.43   2.60070e-13
      2468.81   2.57480e-13
      2470.18   2.51250e-13
      2471.56   2.42030e-13
      2472.93   2.61050e-13
      2474.31   2.54160e-13
      2475.68   2.43780e-13
      2477.05   2.34870e-13
      2478.43   2.41420e-13
      2479.80   2.52640e-13
      2481.18   2.21440e-13
      2482.55   2.08430e-13
      2483.93   2.39510e-13
      2485.30   2.38110e-13
      2486.67   2.13820e-13
      2488.05   1.97010e-13
      2489.42   2.00010e-13
      2490.80   2.22380e-13
      2492.17   2.50880e-13
      2493.54   2.76670e-13
      2494.92   2.79520e-13
      2496.29   2.77950e-13
      2497.67   2.82590e-13
      2499.04   2.76600e-13
      2500.42   2.55580e-13
      2501.79   2.62560e-13
      2503.16   2.55480e-13
      2504.54   2.22290e-13
      2505.91   2.22480e-13
      2507.29   2.66670e-13
      2508.66   2.69710e-13
      2510.04   2.40540e-13
      2511.41   2.22600e-13
      2512.78   1.80400e-13
      2514.16   1.58410e-13
      2515.53   1.63430e-13
      2516.91   1.86190e-13
      2518.28   1.97800e-13
      2519.65   2.13710e-13
      2521.03   1.88020e-13
      2522.40   1.65000e-13
      2523.78   1.74260e-13
      2525.15   1.80210e-13
      2526.53   1.56930e-13
      2527.90   1.61360e-13
      2529.27   2.15890e-13
      2530.65   2.35940e-13
      2532.02   2.28730e-13
      2533.40   2.19880e-13
      2534.77   2.13810e-13
      2536.14   2.18770e-13
      2537.52   2.20600e-13
      2538.89   2.29890e-13
      2540.27   2.27840e-13
      2541.64   2.41390e-13
      2543.01   2.35350e-13
      2544.39   2.28890e-13
      2545.76   2.31250e-13
      2547.14   2.15950e-13
      2548.51   2.23490e-13
      2549.88   2.68340e-13
      2551.26   2.82980e-13
      2552.63   2.88200e-13
      2554.01   2.84020e-13
      2555.38   2.83740e-13
      2556.75   2.93810e-13
      2558.13   2.89880e-13
      2559.50   2.77740e-13
      2560.88   2.47150e-13
      2562.25   2.52660e-13
      2563.62   2.97040e-13
      2565.00   3.00190e-13
      2566.37   2.97100e-13
      2567.75   3.00790e-13
      2569.12   3.03340e-13
      2570.49   3.02950e-13
      2571.87   3.08240e-13
      2573.24   2.93480e-13
      2574.62   2.73550e-13
      2575.99   2.86470e-13
      2577.36   3.08340e-13
      2578.74   3.14810e-13
      2580.11   3.05180e-13
      2581.49   2.90880e-13
      2582.86   2.84780e-13
      2584.23   2.42200e-13
      2585.61   2.80540e-13
      2586.98   3.10880e-13
      2588.36   3.32120e-13
      2589.73   3.09260e-13
      2591.10   2.95870e-13
      2592.48   2.90220e-13
      2593.85   3.10260e-13
      2595.22   2.65350e-13
      2596.60   1.83760e-13
      2597.97   1.67390e-13
      2599.35   2.57460e-13
      2600.72   3.02670e-13
      2602.09   2.97850e-13
      2603.47   2.57470e-13
      2604.84   2.18280e-13
      2606.22   2.36920e-13
      2607.59   2.70830e-13
      2608.96   2.44180e-13
      2610.34   1.99930e-13
      2611.71   2.20710e-13
      2613.08   2.65180e-13
      2614.46   3.07400e-13
      2615.83   2.76870e-13
      2617.21   2.88610e-13
      2618.58   3.00960e-13
      2619.95   2.96530e-13
      2621.33   3.09240e-13
      2622.70   2.98450e-13
      2624.07   2.65410e-13
      2625.45   2.71370e-13
      2626.82   2.49820e-13
      2628.20   2.38950e-13
      2629.57   2.10740e-13
      2630.94   2.67140e-13
      2632.32   3.28540e-13
      2633.69   3.46390e-13
      2635.06   3.56990e-13
      2636.44   3.68830e-13
      2637.81   3.73920e-13
      2639.18   3.74700e-13
      2640.56   3.83220e-13
      2641.93   3.82900e-13
      2643.30   3.76840e-13
      2644.68   3.75430e-13
      2646.05   3.78250e-13
      2647.43   3.77590e-13
      2648.80   3.83450e-13
      2650.17   3.78700e-13
      2651.55   3.77220e-13
      2652.92   3.89050e-13
      2654.29   3.90310e-13
      2655.67   3.82680e-13
      2657.04   3.71920e-13
      2658.41   3.74090e-13
      2659.79   3.55840e-13
      2661.16   3.41450e-13
      2662.53   3.36540e-13
      2663.91   3.46860e-13
      2665.28   3.37100e-13
      2666.66   3.42390e-13
      2668.03   3.47960e-13
      2669.40   3.58540e-13
      2670.78   3.57090e-13
      2672.15   3.72870e-13
      2673.52   3.80580e-13
      2674.90   3.66150e-13
      2676.27   3.45640e-13
      2677.64   3.44990e-13
      2679.02   3.66850e-13
      2680.39   3.70610e-13
      2681.76   3.69320e-13
      2683.14   3.69460e-13
      2684.51   3.71200e-13
      2685.88   3.56480e-13
      2687.26   3.40860e-13
      2688.63   3.41010e-13
      2690.00   3.51770e-13
      2691.38   3.54850e-13
      2692.75   3.53350e-13
      2694.12   3.47650e-13
      2695.50   3.46900e-13
      2696.87   3.45910e-13
      2698.24   3.67850e-13
      2699.62   3.61200e-13
      2700.99   3.69510e-13
      2702.36   3.71220e-13
      2703.74   3.60040e-13
      2705.11   3.46240e-13
      2706.48   3.50660e-13
      2707.86   3.44730e-13
      2709.23   3.46010e-13
      2710.60   3.44880e-13
      2711.97   3.44990e-13
      2713.35   3.33130e-13
      2714.72   3.42100e-13
      2716.09   3.34340e-13
      2717.47   3.27510e-13
      2718.84   3.32950e-13
      2720.21   3.41480e-13
      2721.59   3.35740e-13
      2722.96   3.30280e-13
      2724.33   3.29400e-13
      2725.71   3.25380e-13
      2727.08   3.48710e-13
      2728.45   3.60490e-13
      2729.83   3.52690e-13
      2731.20   3.38690e-13
      2732.57   3.31410e-13
      2733.94   3.22140e-13
      2735.32   2.98550e-13
      2736.69   3.06230e-13
      2738.06   2.88750e-13
      2739.44   2.99760e-13
      2740.81   2.72130e-13
      2742.18   2.83390e-13
      2743.56   2.91570e-13
      2744.93   2.52190e-13
      2746.30   2.69510e-13
      2747.67   2.51300e-13
      2749.05   2.92780e-13
      2750.42   3.28480e-13
      2751.79   3.15960e-13
      2753.17   2.84190e-13
      2754.54   2.77170e-13
      2755.91   3.30450e-13
      2757.28   3.50610e-13
      2758.66   3.40360e-13
      2760.03   3.29890e-13
      2761.40   3.37680e-13
      2762.78   3.55610e-13
      2764.15   3.49490e-13
      2765.52   3.40470e-13
      2766.89   3.36580e-13
      2768.27   3.50000e-13
      2769.64   3.56440e-13
      2771.01   3.61550e-13
      2772.39   3.66370e-13
      2773.76   3.47930e-13
      2775.13   3.35590e-13
      2776.50   3.18320e-13
      2777.88   3.14190e-13
      2779.25   3.19290e-13
      2780.62   3.23900e-13
      2781.99   3.25150e-13
      2783.37   3.31750e-13
      2784.74   3.20800e-13
      2786.11   2.89460e-13
      2787.48   2.51600e-13
      2788.86   1.97460e-13
      2790.23   1.42440e-13
      2791.60   8.84300e-14
      2792.98   5.94540e-14
      2794.35   5.44350e-14
      2795.72   6.91360e-14
      2797.09   9.24330e-14
      2798.47   9.19560e-14
      2799.84   6.95540e-14
      2801.21   7.11490e-14
      2802.58   1.10340e-13
      2803.96   1.79280e-13
      2805.33   2.46540e-13
      2806.70   2.95780e-13
      2808.07   3.13650e-13
      2809.45   3.25220e-13
      2810.82   3.41940e-13
      2812.19   3.59200e-13
      2813.56   3.70880e-13
      2814.94   3.71980e-13
      2816.31   3.75970e-13
      2817.68   3.84210e-13
      2819.05   3.84320e-13
      2820.42   3.86740e-13
      2821.80   3.89690e-13
      2823.17   3.86460e-13
      2824.54   3.82650e-13
      2825.91   3.84040e-13
      2827.29   3.83960e-13
      2828.66   3.85600e-13
      2830.03   3.82330e-13
      2831.40   3.83990e-13
      2832.78   3.72000e-13
      2834.15   3.62390e-13
      2835.52   3.83160e-13
      2836.89   3.79350e-13
      2838.26   3.66060e-13
      2839.64   3.71240e-13
      2841.01   3.62200e-13
      2842.38   3.61900e-13
      2843.75   3.67430e-13
      2845.12   3.59250e-13
      2846.50   3.29360e-13
      2847.87   2.89200e-13
      2849.24   2.22250e-13
      2850.61   2.15680e-13
      2851.99   2.90980e-13
      2853.36   3.36300e-13
      2854.73   3.52040e-13
      2856.10   3.67080e-13
      2857.47   3.87130e-13
      2858.85   3.92980e-13
      2860.22   3.83980e-13
      2861.59   3.85720e-13
      2862.96   3.83210e-13
      2864.33   3.73300e-13
      2865.71   3.69180e-13
      2867.08   3.72650e-13
      2868.45   3.87050e-13
      2869.82   3.96180e-13
      2871.19   3.89310e-13
      2872.57   3.79490e-13
      2873.94   3.71880e-13
      2875.31   3.71960e-13
      2876.68   3.66740e-13
      2878.05   3.39590e-13
      2879.42   2.99290e-13
      2880.80   3.51730e-13
      2882.17   3.93730e-13
      2883.54   4.07110e-13
      2884.91   4.06400e-13
      2886.28   3.93440e-13
      2887.66   3.84590e-13
      2889.03   3.88770e-13
      2890.40   3.74280e-13
      2891.77   3.79500e-13
      2893.14   3.95480e-13
      2894.51   4.08250e-13
      2895.89   4.17000e-13
      2897.26   4.24570e-13
      2898.63   4.34270e-13
      2900.00   4.31890e-13
      2901.37   4.40130e-13
      2902.74   4.45970e-13
      2904.11   4.31730e-13
      2905.49   4.14290e-13
      2906.86   4.08920e-13
      2908.23   4.04010e-13
      2909.60   4.16700e-13
      2910.97   4.31210e-13
      2912.34   4.31530e-13
      2913.72   4.25460e-13
      2915.09   4.24100e-13
      2916.46   4.23300e-13
      2917.83   4.24210e-13
      2919.20   4.19100e-13
      2920.57   4.12010e-13
      2921.94   3.93700e-13
      2923.32   3.99870e-13
      2924.69   4.01290e-13
      2926.06   3.96820e-13
      2927.43   4.00870e-13
      2928.80   4.32230e-13
      2930.17   4.31240e-13
      2931.54   4.28910e-13
      2932.92   4.21840e-13
      2934.29   3.95410e-13
      2935.66   3.98000e-13
      2937.03   4.07900e-13
      2938.40   4.16810e-13
      2939.77   4.15520e-13
      2941.14   4.26240e-13
      2942.51   4.10170e-13
      2943.88   4.22750e-13
      2945.26   3.99900e-13
      2946.63   3.92390e-13
      2948.00   4.17350e-13
      2949.37   4.29880e-13
      2950.74   4.19020e-13
      2952.11   4.09220e-13
      2953.48   4.37970e-13
      2954.85   4.32850e-13
      2956.22   4.37660e-13
      2957.60   4.33810e-13
      2958.97   4.38530e-13
      2960.34   4.47380e-13
      2961.71   4.26680e-13
      2963.08   4.00820e-13
      2964.45   4.02170e-13
      2965.82   4.11130e-13
      2967.19   3.96800e-13
      2968.56   3.91970e-13
      2969.93   4.18380e-13
      2971.31   4.22190e-13
      2972.68   4.43380e-13
      2974.05   4.37820e-13
      2975.42   4.52460e-13
      2976.79   4.41540e-13
      2978.16   4.22770e-13
      2979.53   4.13930e-13
      2980.90   4.09140e-13
      2982.27   3.86410e-13
      2983.64   3.88990e-13
      2985.01   4.08670e-13
      2986.38   4.28100e-13
      2987.75   4.47920e-13
      2989.13   4.53070e-13
      2990.50   4.45820e-13
      2991.87   4.37230e-13
      2993.24   4.39940e-13
      2994.61   4.53860e-13
      2995.98   4.51160e-13
      2997.35   4.23270e-13
      2998.72   4.08020e-13
      3000.09   4.04940e-13
      3001.46   4.15850e-13
      3002.83   4.45470e-13
      3004.20   4.42280e-13
      3005.57   4.26160e-13
      3006.94   4.39400e-13
      3008.31   4.52520e-13
      3009.68   4.50350e-13
      3011.05   4.51580e-13
      3012.42   4.41040e-13
      3013.79   4.30270e-13
      3015.17   4.17610e-13
      3016.54   4.07830e-13
      3017.91   3.78330e-13
      3019.28   3.91120e-13
      3020.65   4.47720e-13
      3022.02   4.45990e-13
      3023.39   4.33990e-13
      3024.76   4.47310e-13
      3026.13   4.63700e-13
      3027.50   4.48880e-13
      3028.87   4.37720e-13
      3030.24   4.44250e-13
      3031.61   4.55340e-13
      3032.98   4.58260e-13
      3034.35   4.51560e-13
      3035.72   4.38610e-13
      3037.09   4.55580e-13
      3038.46   4.42620e-13
      3039.83   4.31420e-13
      3041.20   4.44030e-13
      3042.57   4.51920e-13
      3043.94   4.52740e-13
      3045.31   4.41060e-13
      3046.68   4.50630e-13
      3048.05   4.62630e-13
      3049.42   4.65850e-13
      3050.79   4.64680e-13
      3052.16   4.50750e-13
      3053.53   4.46890e-13
      3054.90   4.23040e-13
      3056.27   4.12150e-13
      3057.64   4.31470e-13
      3059.01   4.48810e-13
      3060.38   4.44150e-13
      3061.75   4.29260e-13
      3063.12   4.12630e-13
      3064.49   3.95460e-13
      3065.74   4.22390e-13
      3068.49   4.36140e-13
      3071.23   4.38040e-13
      3073.98   4.41020e-13
      3076.72   4.43520e-13
      3079.47   4.52500e-13
      3082.22   4.50030e-13
      3084.96   4.31740e-13
      3087.71   4.15100e-13
      3090.46   4.11880e-13
      3093.20   4.14240e-13
      3095.95   4.06130e-13
      3098.69   4.11800e-13
      3101.44   4.34230e-13
      3104.19   4.50590e-13
      3106.93   4.58150e-13
      3109.68   4.60730e-13
      3112.43   4.52890e-13
      3115.17   4.33470e-13
      3117.92   4.30610e-13
      3120.67   4.38790e-13
      3123.41   4.39800e-13
      3126.16   4.45760e-13
      3128.90   4.44430e-13
      3131.65   4.52300e-13
      3134.40   4.54860e-13
      3137.14   4.50230e-13
      3139.89   4.37510e-13
      3142.64   4.34470e-13
      3145.38   4.55300e-13
      3148.13   4.59760e-13
      3150.88   4.49270e-13
      3153.62   4.37060e-13
      3156.37   4.25400e-13
      3159.12   4.30610e-13
      3161.86   4.50610e-13
      3164.61   4.59290e-13
      3167.36   4.73210e-13
      3170.10   4.80650e-13
      3172.85   4.69290e-13
      3175.60   4.40890e-13
      3178.34   4.26060e-13
      3181.09   4.39580e-13
      3183.84   4.51960e-13
      3186.58   4.52880e-13
      3189.33   4.38710e-13
      3192.08   4.45490e-13
      3194.82   4.59210e-13
      3197.57   4.71700e-13
      3200.32   4.79950e-13
      3203.06   4.81740e-13
      3205.81   4.66950e-13
      3208.56   4.43320e-13
      3211.31   4.39100e-13
      3214.05   4.51460e-13
      3216.80   4.64120e-13
      3219.55   4.64140e-13
      3222.29   4.54920e-13
      3225.04   4.38090e-13
      3227.79   4.36000e-13
      3230.53   4.36100e-13
      3233.28   4.38110e-13
      3236.03   4.55550e-13
      3238.78   4.64840e-13
      3241.52   4.69870e-13
      3244.27   4.65470e-13
      3247.02   4.61900e-13
      3249.76   4.66410e-13
      3252.51   4.80090e-13
      3255.26   4.95960e-13
      3258.01   4.93960e-13
      3260.75   4.94030e-13
      3263.50   4.91610e-13
      3266.25   4.94450e-13
      3268.99   4.88470e-13
      3271.74   4.82790e-13
      3274.49   4.73600e-13
      3277.24   4.78570e-13
      3279.98   4.90100e-13
      3282.73   4.89020e-13
      3285.48   4.89050e-13
      3288.23   5.03840e-13
      3290.97   5.11400e-13
      3293.72   5.13120e-13
      3296.47   5.13210e-13
      3299.21   5.07600e-13
      3301.96   4.99420e-13
      3304.71   4.97560e-13
      3307.46   5.07030e-13
      3310.20   5.07940e-13
      3312.95   5.02100e-13
      3315.70   5.00020e-13
      3318.45   4.91920e-13
      3321.19   4.90260e-13
      3323.94   4.94480e-13
      3326.69   4.94490e-13
      3329.44   4.98580e-13
      3332.18   4.92880e-13
      3334.93   4.89010e-13
      3337.68   4.85150e-13
      3340.43   4.93290e-13
      3343.17   4.93300e-13
      3345.92   4.75000e-13
      3348.67   4.90160e-13
      3351.42   5.01320e-13
      3354.17   5.00780e-13
      3356.91   4.80800e-13
      3359.66   4.82300e-13
      3362.41   4.97050e-13
      3365.16   4.86070e-13
      3367.90   4.73070e-13
      3370.65   4.81620e-13
      3373.40   5.00720e-13
      3376.15   4.82660e-13
      3378.89   4.79930e-13
      3381.64   4.94060e-13
      3384.39   5.01020e-13
      3387.14   4.98370e-13
      3389.89   4.87170e-13
      3392.63   4.97950e-13
      3395.38   5.18440e-13
      3398.13   5.12990e-13
      3400.88   4.96160e-13
      3403.62   4.89940e-13
      3406.37   4.91700e-13
      3409.12   4.93400e-13
      3411.87   4.92190e-13
      3414.62   5.04680e-13
      3417.36   5.10560e-13
      3420.11   5.02210e-13
      3422.86   5.04020e-13
      3425.61   5.12740e-13
      3428.36   5.18870e-13
      3431.10   5.15260e-13
      3433.85   5.10430e-13
      3436.60   4.90660e-13
      3439.35   4.75960e-13
      3442.10   4.84330e-13
      3444.84   5.04800e-13
      3447.59   5.06830e-13
      3450.34   5.03580e-13
      3453.09   5.11320e-13
      3455.84   5.04070e-13
      3458.58   5.00520e-13
      3461.33   5.07960e-13
      3464.08   5.10050e-13
      3466.83   5.15390e-13
      3469.58   5.05040e-13
      3472.32   4.89300e-13
      3475.07   5.00050e-13
      3477.82   5.15100e-13
      3480.57   5.13440e-13
      3483.32   5.13530e-13
      3486.06   5.00410e-13
      3488.81   4.92870e-13
      3491.56   4.95390e-13
      3494.31   4.96600e-13
      3497.06   5.07290e-13
      3499.81   5.10960e-13
      3502.55   5.07700e-13
      3505.30   5.06410e-13
      3508.05   4.98850e-13
      3510.80   4.96050e-13
      3513.55   5.05250e-13
      3516.29   5.07120e-13
      3519.04   4.97380e-13
      3521.79   4.88290e-13
      3524.54   4.88920e-13
      3527.29   5.08290e-13
      3530.04   5.13680e-13
      3532.78   5.18730e-13
      3535.53   5.21630e-13
      3538.28   5.20650e-13
      3541.03   5.27930e-13
      3543.78   5.32200e-13
      3546.53   5.31850e-13
      3549.27   5.28760e-13
      3552.02   5.22650e-13
      3554.77   5.18050e-13
      3557.52   5.24800e-13
      3560.27   5.20880e-13
      3563.02   5.01600e-13
      3565.76   4.93470e-13
      3568.51   4.83320e-13
      3571.26   4.91680e-13
      3574.01   5.00880e-13
      3576.76   5.00730e-13
      3579.51   4.90780e-13
      3582.25   4.76080e-13
      3585.00   4.73750e-13
      3587.75   4.98040e-13
      3590.50   5.14660e-13
      3593.25   5.19250e-13
      3596.00   5.25050e-13
      3598.74   5.19410e-13
      3601.49   5.05160e-13
      3604.24   5.04220e-13
      3606.99   5.01140e-13
      3609.74   5.06300e-13
      3612.49   5.09680e-13
      3615.24   5.03600e-13
      3617.98   5.06040e-13
      3620.73   5.18450e-13
      3623.48   5.28260e-13
      3626.23   5.20190e-13
      3628.98   5.01430e-13
      3631.73   5.10780e-13
      3634.47   5.21090e-13
      3637.22   5.22470e-13
      3639.97   5.12590e-13
      3642.72   5.11870e-13
      3645.47   5.12530e-13
      3648.22   5.19620e-13
      3650.97   5.32510e-13
      3653.71   5.40670e-13
      3656.46   5.42010e-13
      3659.21   5.41710e-13
      3661.96   5.40510e-13
      3664.71   5.37960e-13
      3667.46   5.35220e-13
      3670.21   5.40520e-13
      3672.95   5.30680e-13
      3675.70   5.19660e-13
      3678.45   5.20120e-13
      3681.20   5.17580e-13
      3683.95   5.13450e-13
      3686.70   5.26490e-13
      3689.45   5.38730e-13
      3692.19   5.40540e-13
      3694.94   5.42880e-13
      3697.69   5.46970e-13
      3700.44   5.26080e-13
      3703.19   5.09150e-13
      3705.94   5.21720e-13
      3708.69   5.21790e-13
      3711.44   5.46300e-13
      3714.18   5.70750e-13
      3716.93   5.30260e-13
      3719.68   5.02470e-13
      3722.43   5.50250e-13
      3725.18   5.75920e-13
      3727.93   5.55090e-13
      3730.68   4.95970e-13
      3733.42   4.87600e-13
      3736.17   5.57590e-13
      3738.92   5.92490e-13
      3741.67   5.69100e-13
      3744.42   5.18470e-13
      3747.17   4.79060e-13
      3749.92   5.35140e-13
      3752.67   5.96570e-13
      3755.41   6.08320e-13
      3758.16   6.09490e-13
      3760.91   6.13220e-13
      3763.66   5.79290e-13
      3766.41   5.17800e-13
      3769.16   5.15130e-13
      3771.91   5.86550e-13
      3774.65   6.47640e-13
      3777.40   6.81380e-13
      3780.15   6.92720e-13
      3782.90   6.76630e-13
      3785.65   6.58800e-13
      3788.40   6.40410e-13
      3791.15   5.85000e-13
      3793.90   5.09040e-13
      3796.64   5.11260e-13
      3799.39   6.01700e-13
      3802.14   6.54620e-13
      3804.89   6.74040e-13
      3807.64   6.96280e-13
      3810.39   6.84080e-13
      3813.14   6.77820e-13
      3815.89   6.85780e-13
      3818.63   6.72660e-13
      3821.38   6.58170e-13
      3824.13   6.26640e-13
      3826.88   5.88050e-13
      3829.63   5.23230e-13
      3832.38   4.69700e-13
      3835.13   4.99770e-13
      3837.88   5.83110e-13
      3840.62   6.50940e-13
      3843.37   6.87390e-13
      3846.12   7.08710e-13
      3848.87   7.21000e-13
      3851.62   7.27890e-13
      3854.37   7.18910e-13
      3857.12   7.19440e-13
      3859.87   7.34700e-13
      3862.61   7.40850e-13
      3865.36   7.44430e-13
      3868.11   7.26540e-13
      3870.86   7.05930e-13
      3873.61   6.98520e-13
      3876.36   6.73260e-13
      3879.11   6.61550e-13
      3881.85   6.03290e-13
      3884.60   5.13950e-13
      3887.35   5.02750e-13
      3890.10   5.79930e-13
      3892.85   6.36940e-13
      3895.60   6.57790e-13
      3898.35   6.74930e-13
      3901.10   6.86060e-13
      3903.84   6.97590e-13
      3906.59   7.27670e-13
      3909.34   7.36560e-13
      3912.09   7.28550e-13
      3914.84   7.18220e-13
      3917.59   7.14940e-13
      3920.34   7.07460e-13
      3923.09   6.78670e-13
      3925.83   5.91930e-13
      3928.58   4.41360e-13
      3931.33   3.61940e-13
      3934.08   4.96040e-13
      3936.83   6.32290e-13
      3939.58   6.84540e-13
      3942.33   6.99540e-13
      3945.08   7.09160e-13
      3947.82   7.05380e-13
      3950.57   7.06140e-13
      3953.32   6.93290e-13
      3956.07   6.75730e-13
      3958.82   6.34760e-13
      3961.57   5.45990e-13
      3964.32   4.03280e-13
      3967.07   3.64190e-13
      3969.81   4.88830e-13
      3972.56   5.99580e-13
      3975.31   6.60290e-13
      3978.06   6.89710e-13
      3980.81   7.08540e-13
      3983.56   7.24580e-13
      3986.31   7.37600e-13
      3989.05   7.47070e-13
      3991.80   7.48520e-13
      3994.55   7.46180e-13
      3997.30   7.53080e-13
      4000.05   7.56450e-13
      4002.80   7.48350e-13
      4005.55   7.57450e-13
      4008.30   7.63360e-13
      4011.04   7.63340e-13
      4013.79   7.71840e-13
      4016.54   7.73290e-13
      4019.29   7.70220e-13
      4022.04   7.66590e-13
      4024.79   7.65010e-13
      4027.54   7.49110e-13
      4030.28   7.47910e-13
      4033.03   7.61340e-13
      4035.78   7.73930e-13
      4038.53   7.69170e-13
      4041.28   7.57620e-13
      4044.03   7.52970e-13
      4046.78   7.68160e-13
      4049.52   7.70180e-13
      4052.27   7.61380e-13
      4055.02   7.57280e-13
      4057.77   7.57940e-13
      4060.52   7.45650e-13
      4063.27   7.46110e-13
      4066.02   7.48200e-13
      4068.76   7.45290e-13
      4071.51   7.42530e-13
      4074.26   7.32750e-13
      4077.01   7.38290e-13
      4079.76   7.44350e-13
      4082.51   7.38490e-13
      4085.26   7.34640e-13
      4088.00   7.22330e-13
      4090.75   6.94400e-13
      4093.50   6.49860e-13
      4096.25   5.74420e-13
      4099.00   5.16920e-13
      4101.75   5.82700e-13
      4104.49   6.49690e-13
      4107.24   6.87180e-13
      4109.99   7.13930e-13
      4112.74   7.28260e-13
      4115.49   7.33160e-13
      4118.24   7.36860e-13
      4120.99   7.46760e-13
      4123.73   7.50100e-13
      4126.48   7.46970e-13
      4129.23   7.42660e-13
      4131.98   7.51660e-13
      4134.73   7.61260e-13
      4137.48   7.64420e-13
      4140.22   7.54310e-13
      4142.97   7.57870e-13
      4145.72   7.59990e-13
      4148.47   7.60140e-13
      4151.22   7.52430e-13
      4153.97   7.53850e-13
      4156.71   7.57430e-13
      4159.46   7.63950e-13
      4162.21   7.61560e-13
      4164.96   7.58050e-13
      4167.71   7.52490e-13
      4170.46   7.42080e-13
      4173.20   7.41800e-13
      4175.95   7.48470e-13
      4178.70   7.49410e-13
      4181.45   7.48690e-13
      4184.20   7.44050e-13
      4186.95   7.51760e-13
      4189.69   7.55630e-13
      4192.44   7.53300e-13
      4195.19   7.39920e-13
      4197.94   7.39940e-13
      4200.69   7.41490e-13
      4203.44   7.52200e-13
      4206.18   7.53790e-13
      4208.93   7.52620e-13
      4211.68   7.44330e-13
      4214.43   7.39640e-13
      4217.18   7.46550e-13
      4219.92   7.35690e-13
      4222.67   7.15480e-13
      4225.42   7.21520e-13
      4228.17   7.40890e-13
      4230.92   7.35480e-13
      4233.67   7.36090e-13
      4236.41   7.45020e-13
      4239.16   7.49980e-13
      4241.91   7.45440e-13
      4244.66   7.31270e-13
      4247.41   7.30990e-13
      4250.15   7.38620e-13
      4252.90   7.43960e-13
      4255.65   7.41440e-13
      4258.40   7.43120e-13
      4261.15   7.51960e-13
      4263.90   7.47630e-13
      4266.64   7.35480e-13
      4269.39   7.23690e-13
      4272.14   7.33730e-13
      4274.89   7.42790e-13
      4277.63   7.38360e-13
      4280.38   7.29730e-13
      4283.13   7.25350e-13
      4285.88   7.11960e-13
      4288.63   7.10520e-13
      4291.37   7.14280e-13
      4294.12   7.05280e-13
      4296.87   6.84250e-13
      4299.62   6.80250e-13
      4302.37   6.89790e-13
      4305.11   6.85520e-13
      4307.86   6.93060e-13
      4310.61   6.98870e-13
      4313.36   7.10360e-13
      4316.11   7.15460e-13
      4318.85   7.08590e-13
      4321.60   6.96090e-13
      4324.35   6.88800e-13
      4327.10   6.89420e-13
      4329.84   6.70850e-13
      4332.59   6.21540e-13
      4335.34   5.46170e-13
      4338.09   5.09070e-13
      4340.84   5.81820e-13
      4343.58   6.44910e-13
      4346.33   6.74920e-13
      4349.08   6.85450e-13
      4351.83   7.05180e-13
      4354.57   7.21870e-13
      4357.32   7.28280e-13
      4360.07   7.36150e-13
      4362.82   7.37820e-13
      4365.56   7.31110e-13
      4368.31   7.30790e-13
      4371.06   7.25750e-13
      4373.81   7.28490e-13
      4376.56   7.33950e-13
      4379.30   7.23940e-13
      4382.05   7.18710e-13
      4384.80   7.30210e-13
      4387.55   7.33040e-13
      4390.29   7.31690e-13
      4393.04   7.28790e-13
      4395.79   7.27270e-13
      4398.54   7.22530e-13
      4401.28   7.25040e-13
      4404.03   7.29340e-13
      4406.78   7.37430e-13
      4409.53   7.36070e-13
      4412.27   7.25060e-13
      4415.02   7.24490e-13
      4417.77   7.32460e-13
      4420.52   7.32090e-13
      4423.26   7.30390e-13
      4426.01   7.33380e-13
      4428.76   7.34160e-13
      4431.50   7.26810e-13
      4434.25   7.31680e-13
      4437.00   7.33080e-13
      4439.75   7.22570e-13
      4442.49   7.25140e-13
      4445.24   7.31200e-13
      4447.99   7.28140e-13
      4450.74   7.20050e-13
      4453.48   7.19400e-13
      4456.23   7.22690e-13
      4458.98   7.25360e-13
      4461.73   7.27200e-13
      4464.47   7.21060e-13
      4467.22   7.26190e-13
      4469.97   7.34480e-13
      4472.71   7.33230e-13
      4475.46   7.34140e-13
      4478.21   7.25640e-13
      4480.95   7.29100e-13
      4483.70   7.36310e-13
      4486.45   7.35810e-13
      4489.20   7.34140e-13
      4491.94   7.32790e-13
      4494.69   7.33820e-13
      4497.44   7.32720e-13
      4500.18   7.36270e-13
      4502.93   7.39980e-13
      4505.68   7.37350e-13
      4508.42   7.37760e-13
      4511.17   7.38520e-13
      4513.92   7.35510e-13
      4516.67   7.32300e-13
      4519.41   7.26160e-13
      4522.16   7.23040e-13
      4524.91   7.16200e-13
      4527.65   7.11210e-13
      4530.40   7.08330e-13
      4533.15   7.16710e-13
      4535.89   7.28470e-13
      4538.64   7.30160e-13
      4541.39   7.28050e-13
      4544.13   7.20000e-13
      4546.88   7.12940e-13
      4549.63   7.14280e-13
      4552.37   7.14160e-13
      4555.12   7.24080e-13
      4557.87   7.26540e-13
      4560.61   7.24480e-13
      4563.36   7.25240e-13
      4566.11   7.26840e-13
      4568.85   7.20370e-13
      4571.60   7.25350e-13
      4574.35   7.26540e-13
      4577.09   7.23660e-13
      4579.84   7.19610e-13
      4582.59   7.18120e-13
      4585.33   7.20640e-13
      4588.08   7.20730e-13
      4590.83   7.25070e-13
      4593.57   7.26590e-13
      4596.32   7.27110e-13
      4599.07   7.24880e-13
      4601.81   7.25970e-13
      4604.56   7.26520e-13
      4607.30   7.24570e-13
      4610.05   7.22790e-13
      4612.80   7.24050e-13
      4615.54   7.25700e-13
      4618.29   7.24530e-13
      4621.04   7.24260e-13
      4623.78   7.25480e-13
      4626.53   7.24360e-13
      4629.27   7.24900e-13
      4632.02   7.22650e-13
      4634.77   7.22190e-13
      4637.51   7.22270e-13
      4640.26   7.23510e-13
      4643.01   7.16060e-13
      4645.75   7.18060e-13
      4648.50   7.19350e-13
      4651.24   7.14760e-13
      4653.99   7.17440e-13
      4656.74   7.20540e-13
      4659.48   7.21180e-13
      4662.23   7.17390e-13
      4664.97   7.16110e-13
      4667.72   7.16690e-13
      4670.47   7.19530e-13
      4673.21   7.18390e-13
      4675.96   7.16540e-13
      4678.70   7.14810e-13
      4681.45   7.18410e-13
      4684.20   7.17750e-13
      4686.94   7.16630e-13
      4689.69   7.16570e-13
      4692.43   7.15870e-13
      4695.18   7.15280e-13
      4697.92   7.08830e-13
      4700.67   7.05000e-13
      4703.42   7.08590e-13
      4706.16   7.10590e-13
      4708.91   7.12780e-13
      4711.65   7.11280e-13
      4714.40   7.10430e-13
      4717.14   7.10790e-13
      4719.89   7.14820e-13
      4722.63   7.10810e-13
      4725.38   7.08970e-13
      4728.13   7.08190e-13
      4730.87   7.07180e-13
      4733.62   7.07830e-13
      4736.36   7.07680e-13
      4739.11   7.09190e-13
      4741.85   7.08850e-13
      4744.60   7.10760e-13
      4747.34   7.09450e-13
      4750.09   7.07930e-13
      4752.83   7.06420e-13
      4755.58   7.04890e-13
      4758.33   7.03670e-13
      4761.07   7.03250e-13
      4763.82   7.04440e-13
      4766.56   7.04860e-13
      4769.31   7.05970e-13
      4772.05   7.06000e-13
      4774.80   7.05670e-13
      4777.54   7.00860e-13
      4780.29   7.00450e-13
      4783.03   7.01680e-13
      4785.78   7.00920e-13
      4788.52   6.99410e-13
      4791.27   7.02380e-13
      4794.01   7.01840e-13
      4796.76   7.00930e-13
      4799.50   7.02050e-13
      4802.25   6.96300e-13
      4804.99   6.98270e-13
      4807.74   6.98880e-13
      4810.48   6.98640e-13
      4813.23   6.97190e-13
      4815.97   6.96920e-13
      4818.72   6.93770e-13
      4821.46   6.93090e-13
      4824.21   6.96110e-13
      4826.95   6.90950e-13
      4829.70   6.92040e-13
      4832.44   6.87810e-13
      4835.19   6.80530e-13
      4837.93   6.81280e-13
      4840.67   6.79480e-13
      4843.42   6.71770e-13
      4846.16   6.60650e-13
      4848.91   6.44770e-13
      4851.65   6.15150e-13
      4854.40   5.61470e-13
      4857.14   4.92920e-13
      4859.89   5.17980e-13
      4862.63   5.83720e-13
      4865.38   6.17770e-13
      4868.12   6.32690e-13
      4870.86   6.51410e-13
      4873.61   6.57070e-13
      4876.35   6.67370e-13
      4879.10   6.73510e-13
      4881.84   6.75500e-13
      4884.59   6.73070e-13
      4887.33   6.68180e-13
      4890.07   6.75330e-13
      4892.82   6.84130e-13
      4895.56   6.85860e-13
      4898.31   6.84230e-13
      4901.05   6.84640e-13
      4903.79   6.85950e-13
      4906.54   6.83980e-13
      4909.28   6.82190e-13
      4912.03   6.79580e-13
      4914.77   6.73460e-13
      4917.51   6.68060e-13
      4920.26   6.70870e-13
      4923.00   6.79770e-13
      4925.75   6.82120e-13
      4928.49   6.79150e-13
      4931.23   6.74470e-13
      4933.98   6.77820e-13
      4936.72   6.78740e-13
      4939.47   6.83780e-13
      4942.21   6.83130e-13
      4944.95   6.83160e-13
      4947.70   6.85300e-13
      4950.44   6.79450e-13
      4953.18   6.66470e-13
      4955.93   6.70430e-13
      4958.67   6.77800e-13
      4961.42   6.77080e-13
      4964.16   6.79160e-13
      4966.90   6.81110e-13
      4969.65   6.78360e-13
      4972.39   6.76320e-13
      4975.13   6.74150e-13
      4977.88   6.66380e-13
      4980.62   6.64150e-13
      4983.36   6.71120e-13
      4986.11   6.72330e-13
      4988.85   6.68340e-13
      4991.59   6.69440e-13
      4994.34   6.72410e-13
      4997.08   6.67170e-13
      4999.82   6.65840e-13
      5002.57   6.59430e-13
      5005.31   6.61740e-13
      5008.05   6.61120e-13
      5010.79   6.57230e-13
      5013.54   6.55380e-13
      5016.28   6.59590e-13
      5019.02   6.66500e-13
      5021.77   6.69070e-13
      5024.51   6.66580e-13
      5027.25   6.69220e-13
      5030.00   6.68940e-13
      5032.74   6.64770e-13
      5035.48   6.59890e-13
      5038.22   6.55770e-13
      5040.97   6.61020e-13
      5043.71   6.66030e-13
      5046.45   6.61160e-13
      5049.20   6.63650e-13
      5051.94   6.67120e-13
      5054.68   6.67840e-13
      5057.42   6.62490e-13
      5060.17   6.60770e-13
      5062.91   6.59400e-13
      5065.65   6.61370e-13
      5068.39   6.64270e-13
      5071.14   6.62170e-13
      5073.88   6.59580e-13
      5076.62   6.55730e-13
      5079.36   6.57120e-13
      5082.11   6.60210e-13
      5084.85   6.61470e-13
      5087.59   6.62640e-13
      5090.33   6.62210e-13
      5093.08   6.58320e-13
      5095.82   6.56590e-13
      5098.56   6.57000e-13
      5101.30   6.56230e-13
      5104.04   6.52790e-13
      5106.79   6.53690e-13
      5109.53   6.55610e-13
      5112.27   6.59040e-13
      5115.01   6.58580e-13
      5117.75   6.55600e-13
      5120.50   6.51330e-13
      5123.24   6.49110e-13
      5125.98   6.48750e-13
      5128.72   6.51280e-13
      5131.46   6.48080e-13
      5134.21   6.43480e-13
      5136.95   6.41490e-13
      5139.69   6.44600e-13
      5142.43   6.46330e-13
      5145.17   6.45970e-13
      5147.91   6.48330e-13
      5150.66   6.48320e-13
      5153.40   6.48650e-13
      5156.14   6.47510e-13
      5158.88   6.40120e-13
      5161.62   6.25380e-13
      5164.36   6.02630e-13
      5167.11   6.07870e-13
      5169.85   6.15370e-13
      5172.59   6.33750e-13
      5175.33   6.36610e-13
      5178.07   6.23870e-13
      5180.81   6.15230e-13
      5183.55   6.28030e-13
      5186.29   6.29890e-13
      5189.04   6.30850e-13
      5191.78   6.35370e-13
      5194.52   6.38700e-13
      5197.26   6.39140e-13
      5200.00   6.32110e-13
      5202.74   6.28610e-13
      5205.48   6.31700e-13
      5208.22   6.37780e-13
      5210.96   6.41780e-13
      5213.71   6.42540e-13
      5216.45   6.43990e-13
      5219.19   6.42160e-13
      5221.93   6.30730e-13
      5224.67   6.28520e-13
      5227.41   6.34060e-13
      5230.15   6.33520e-13
      5232.89   6.39430e-13
      5235.63   6.45110e-13
      5238.37   6.44300e-13
      5241.11   6.44430e-13
      5243.85   6.41230e-13
      5246.59   6.39680e-13
      5249.34   6.41150e-13
      5252.08   6.42060e-13
      5254.82   6.38900e-13
      5257.56   6.32190e-13
      5260.30   6.23120e-13
      5263.04   6.16140e-13
      5265.78   6.11110e-13
      5268.52   6.21960e-13
      5271.26   6.27940e-13
      5274.00   6.33800e-13
      5276.74   6.32870e-13
      5279.48   6.32200e-13
      5282.22   6.35370e-13
      5284.96   6.39160e-13
      5287.70   6.39070e-13
      5290.44   6.38010e-13
      5293.18   6.33390e-13
      5295.92   6.35830e-13
      5298.66   6.34640e-13
      5301.40   6.36320e-13
      5304.14   6.36490e-13
      5306.88   6.35660e-13
      5309.62   6.31850e-13
      5312.36   6.28340e-13
      5315.10   6.31490e-13
      5317.84   6.29820e-13
      5320.58   6.21550e-13
      5323.32   6.13440e-13
      5326.06   6.17690e-13
      5328.80   6.26760e-13
      5331.54   6.28300e-13
      5334.28   6.24350e-13
      5337.01   6.21670e-13
      5339.75   6.25360e-13
      5342.49   6.26050e-13
      5345.23   6.25180e-13
      5347.97   6.28030e-13
      5350.71   6.31080e-13
      5353.45   6.28750e-13
      5356.19   6.28050e-13
      5358.93   6.24710e-13
      5361.67   6.20750e-13
      5364.41   6.18250e-13
      5367.15   6.18460e-13
      5369.89   6.20950e-13
      5372.62   6.22350e-13
      5375.36   6.24080e-13
      5378.10   6.22110e-13
      5380.84   6.21860e-13
      5383.58   6.22260e-13
      5386.32   6.20400e-13
      5389.06   6.18100e-13
      5391.80   6.15530e-13
      5394.54   6.13610e-13
      5397.27   6.13540e-13
      5400.01   6.09490e-13
      5402.75   6.10660e-13
      5405.49   6.14470e-13
      5408.23   6.16960e-13
      5410.97   6.16470e-13
      5413.71   6.18510e-13
      5416.44   6.19890e-13
      5419.18   6.16830e-13
      5421.92   6.15290e-13
      5424.66   6.11210e-13
      5427.40   6.12820e-13
      5430.14   6.12690e-13
      5432.87   6.15650e-13
      5435.61   6.16640e-13
      5438.35   6.15650e-13
      5441.09   6.10700e-13
      5443.83   6.11610e-13
      5446.56   6.14350e-13
      5449.30   6.11250e-13
      5454.36   6.05490e-13
      5459.23   6.08810e-13
      5464.10   6.10300e-13
      5468.97   6.09360e-13
      5473.84   6.09030e-13
      5478.71   6.10810e-13
      5483.58   6.10690e-13
      5488.46   6.11620e-13
      5493.33   6.09600e-13
      5498.20   6.08430e-13
      5503.07   6.05030e-13
      5507.94   6.05640e-13
      5512.81   6.05380e-13
      5517.68   6.07560e-13
      5522.56   6.05620e-13
      5527.43   6.04390e-13
      5532.30   6.04810e-13
      5537.17   6.04600e-13
      5542.04   6.03660e-13
      5546.91   6.05360e-13
      5551.79   6.03900e-13
      5556.66   6.01660e-13
      5561.53   6.00510e-13
      5566.40   5.94850e-13
      5571.27   5.96950e-13
      5576.15   5.96840e-13
      5581.02   5.93320e-13
      5585.89   5.89700e-13
      5590.76   5.88430e-13
      5595.64   5.87170e-13
      5600.51   5.89270e-13
      5605.38   5.90960e-13
      5610.25   5.90060e-13
      5615.13   5.90010e-13
      5620.00   5.91730e-13
      5624.87   5.95840e-13
      5629.74   5.95300e-13
      5634.62   5.90040e-13
      5639.49   5.92850e-13
      5644.36   5.90200e-13
      5649.24   5.90000e-13
      5654.11   5.87370e-13
      5658.98   5.87750e-13
      5663.85   5.87120e-13
      5668.73   5.86980e-13
      5673.60   5.87990e-13
      5678.47   5.87950e-13
      5683.35   5.87210e-13
      5688.22   5.85840e-13
      5693.09   5.84480e-13
      5697.97   5.84470e-13
      5702.84   5.83340e-13
      5707.71   5.80210e-13
      5712.59   5.79930e-13
      5717.46   5.83310e-13
      5722.34   5.80650e-13
      5727.21   5.79570e-13
      5732.08   5.79020e-13
      5736.96   5.78880e-13
      5741.83   5.80050e-13
      5746.70   5.80620e-13
      5751.58   5.78000e-13
      5756.45   5.77020e-13
      5761.33   5.75150e-13
      5766.20   5.76280e-13
      5771.07   5.76270e-13
      5775.95   5.76780e-13
      5780.82   5.74310e-13
      5785.70   5.73400e-13
      5790.57   5.73500e-13
      5795.45   5.73170e-13
      5800.32   5.72230e-13
      5805.20   5.70900e-13
      5810.07   5.70980e-13
      5814.94   5.72170e-13
      5819.82   5.70470e-13
      5824.69   5.67420e-13
      5829.57   5.66480e-13
      5834.44   5.66010e-13
      5839.32   5.67670e-13
      5844.19   5.66610e-13
      5849.07   5.64840e-13
      5853.94   5.64670e-13
      5858.82   5.63330e-13
      5863.69   5.60570e-13
      5868.57   5.63600e-13
      5873.44   5.63380e-13
      5878.32   5.60580e-13
      5883.19   5.53860e-13
      5888.07   5.46170e-13
      5892.94   5.46790e-13
      5897.82   5.52170e-13
      5902.70   5.56700e-13
      5907.57   5.58030e-13
      5912.45   5.59260e-13
      5917.32   5.58240e-13
      5922.20   5.58220e-13
      5927.07   5.55860e-13
      5931.95   5.55240e-13
      5936.83   5.54650e-13
      5941.70   5.55060e-13
      5946.58   5.52360e-13
      5951.45   5.54210e-13
      5956.33   5.54320e-13
      5961.20   5.53770e-13
      5966.08   5.53430e-13
      5970.96   5.50840e-13
      5975.83   5.51590e-13
      5980.71   5.50390e-13
      5985.59   5.48390e-13
      5990.46   5.49140e-13
      5995.34   5.46740e-13
      6000.21   5.46780e-13
      6005.09   5.43510e-13
      6009.97   5.43990e-13
      6014.84   5.44410e-13
      6019.72   5.43830e-13
      6024.60   5.42500e-13
      6029.47   5.43380e-13
      6034.35   5.43970e-13
      6039.23   5.41630e-13
      6044.10   5.42630e-13
      6048.98   5.40030e-13
      6053.86   5.39970e-13
      6058.73   5.38450e-13
      6063.61   5.37850e-13
      6068.49   5.36740e-13
      6073.36   5.36180e-13
      6078.24   5.37490e-13
      6083.12   5.37360e-13
      6088.00   5.33720e-13
      6092.87   5.30910e-13
      6097.75   5.31730e-13
      6102.63   5.31710e-13
      6107.50   5.33150e-13
      6112.38   5.29480e-13
      6117.26   5.26920e-13
      6122.14   5.26740e-13
      6127.01   5.29410e-13
      6131.89   5.26320e-13
      6136.77   5.29690e-13
      6141.65   5.28270e-13
      6146.52   5.28850e-13
      6151.40   5.26010e-13
      6156.28   5.22600e-13
      6161.16   5.22640e-13
      6166.04   5.23640e-13
      6170.91   5.24260e-13
      6175.79   5.26310e-13
      6180.67   5.24880e-13
      6185.55   5.22050e-13
      6190.42   5.22120e-13
      6195.30   5.23020e-13
      6200.18   5.24210e-13
      6205.06   5.24530e-13
      6209.94   5.21160e-13
      6214.81   5.19100e-13
      6219.69   5.17380e-13
      6224.57   5.16930e-13
      6229.45   5.18610e-13
      6234.33   5.19960e-13
      6239.21   5.16040e-13
      6244.08   5.12520e-13
      6248.96   5.13370e-13
      6253.84   5.13370e-13
      6258.72   5.15750e-13
      6263.60   5.12960e-13
      6268.48   5.12450e-13
      6273.36   5.17410e-13
      6278.23   5.13910e-13
      6283.11   5.13160e-13
      6287.99   5.13210e-13
      6292.87   5.14510e-13
      6297.75   5.13600e-13
      6302.63   5.09600e-13
      6307.51   5.05220e-13
      6312.39   5.05400e-13
      6317.26   5.02920e-13
      6322.14   5.00620e-13
      6327.02   4.99090e-13
      6331.90   4.99500e-13
      6336.78   4.96750e-13
      6341.66   5.00900e-13
      6346.54   5.04430e-13
      6351.42   5.03640e-13
      6356.30   5.03150e-13
      6361.18   5.01410e-13
      6366.06   4.99460e-13
      6370.93   4.99640e-13
      6375.81   5.00390e-13
      6380.69   4.99600e-13
      6385.57   5.00070e-13
      6390.45   4.98930e-13
      6395.33   4.96970e-13
      6400.21   4.95290e-13
      6405.09   4.94990e-13
      6409.97   4.94320e-13
      6414.85   4.95540e-13
      6419.73   4.95050e-13
      6424.61   4.95110e-13
      6429.49   4.92990e-13
      6434.37   4.92140e-13
      6439.25   4.92090e-13
      6444.13   4.90360e-13
      6449.01   4.88290e-13
      6453.89   4.90640e-13
      6458.77   4.89170e-13
      6463.65   4.89210e-13
      6468.53   4.91110e-13
      6473.41   4.90480e-13
      6478.29   4.88180e-13
      6483.17   4.87190e-13
      6488.05   4.86720e-13
      6492.93   4.83920e-13
      6497.81   4.86710e-13
      6502.69   4.87520e-13
      6507.57   4.86330e-13
      6512.45   4.85430e-13
      6517.33   4.84620e-13
      6522.21   4.82390e-13
      6527.09   4.80710e-13
      6531.97   4.80500e-13
      6536.85   4.77360e-13
      6541.73   4.69350e-13
      6546.61   4.54850e-13
      6551.49   4.33490e-13
      6556.37   4.00850e-13
      6561.25   3.95020e-13
      6566.13   4.25700e-13
      6571.02   4.52480e-13
      6575.90   4.65960e-13
      6580.78   4.70000e-13
      6585.66   4.73340e-13
      6590.54   4.76280e-13
      6595.42   4.75350e-13
      6600.30   4.76770e-13
      6605.18   4.77280e-13
      6610.06   4.77810e-13
      6614.94   4.75270e-13
      6619.82   4.75840e-13
      6624.70   4.75130e-13
      6629.58   4.74830e-13
      6634.47   4.72910e-13
      6639.35   4.71330e-13
      6644.23   4.72320e-13
      6649.11   4.71360e-13
      6653.99   4.70750e-13
      6658.87   4.70800e-13
      6663.75   4.70880e-13
      6668.63   4.69190e-13
      6673.52   4.68150e-13
      6678.40   4.67030e-13
      6683.28   4.68600e-13
      6688.16   4.67740e-13
      6693.04   4.67030e-13
      6697.92   4.66480e-13
      6702.80   4.64330e-13
      6707.69   4.62970e-13
      6712.57   4.62730e-13
      6717.45   4.64460e-13
      6722.33   4.62290e-13
      6727.21   4.61050e-13
      6732.09   4.62020e-13
      6736.97   4.61890e-13
      6741.86   4.61920e-13
      6746.74   4.61180e-13
      6751.62   4.59130e-13
      6756.50   4.58940e-13
      6761.38   4.59400e-13
      6766.26   4.58700e-13
      6771.15   4.56350e-13
      6776.03   4.57760e-13
      6780.91   4.55730e-13
      6785.79   4.54710e-13
      6790.67   4.54270e-13
      6795.56   4.53820e-13
      6800.44   4.54740e-13
      6805.32   4.53680e-13
      6810.20   4.52060e-13
      6815.08   4.53040e-13
      6819.96   4.51900e-13
      6824.85   4.51460e-13
      6829.73   4.52800e-13
      6834.61   4.51100e-13
      6839.49   4.49620e-13
      6844.38   4.49450e-13
      6849.26   4.47450e-13
      6854.14   4.46430e-13
      6859.02   4.46240e-13
      6863.90   4.45680e-13
      6868.79   4.47250e-13
      6873.67   4.46950e-13
      6878.55   4.46920e-13
      6883.43   4.45340e-13
      6888.32   4.44670e-13
      6893.20   4.44770e-13
      6898.08   4.43600e-13
      6902.96   4.42920e-13
      6907.85   4.43290e-13
      6912.73   4.41830e-13
      6917.61   4.42030e-13
      6922.49   4.41220e-13
      6927.38   4.41100e-13
      6932.26   4.41970e-13
      6937.14   4.38880e-13
      6942.02   4.39020e-13
      6946.91   4.38410e-13
      6951.79   4.36610e-13
      6956.67   4.37920e-13
      6961.55   4.37600e-13
      6966.44   4.38810e-13
      6971.32   4.35620e-13
      6976.20   4.34570e-13
      6981.08   4.35860e-13
      6985.97   4.34730e-13
      6990.85   4.33480e-13
      6995.73   4.32280e-13
      7000.62   4.31610e-13
      7005.50   4.30550e-13
      7010.38   4.31610e-13
      7015.26   4.31960e-13
      7020.15   4.31710e-13
      7025.03   4.30900e-13
      7029.91   4.31030e-13
      7034.80   4.30060e-13
      7039.68   4.29100e-13
      7044.56   4.30410e-13
      7049.45   4.28960e-13
      7054.33   4.28010e-13
      7059.21   4.27070e-13
      7064.10   4.26520e-13
      7068.98   4.26500e-13
      7073.86   4.25300e-13
      7078.74   4.24410e-13
      7083.63   4.24160e-13
      7088.51   4.22840e-13
      7093.39   4.23110e-13
      7098.28   4.22350e-13
      7103.16   4.22630e-13
      7108.04   4.22610e-13
      7112.93   4.22500e-13
      7117.81   4.21520e-13
      7122.69   4.20590e-13
      7127.58   4.20550e-13
      7132.46   4.19480e-13
      7137.34   4.18040e-13
      7142.23   4.16740e-13
      7147.11   4.16560e-13
      7151.99   4.18360e-13
      7156.88   4.16290e-13
      7161.76   4.16840e-13
      7166.64   4.16490e-13
      7171.53   4.16150e-13
      7176.41   4.15230e-13
      7181.29   4.13760e-13
      7186.18   4.13670e-13
      7191.06   4.13420e-13
      7195.95   4.11980e-13
      7200.83   4.12010e-13
      7205.71   4.12860e-13
      7210.60   4.13740e-13
      7215.48   4.13390e-13
      7220.36   4.12470e-13
      7225.25   4.12280e-13
      7230.13   4.12650e-13
      7235.01   4.11740e-13
      7239.90   4.10270e-13
      7244.78   4.08420e-13
      7249.67   4.07720e-13
      7254.55   4.08330e-13
      7259.43   4.08750e-13
      7264.32   4.08620e-13
      7269.20   4.08760e-13
      7274.08   4.06900e-13
      7278.97   4.05470e-13
      7283.85   4.06330e-13
      7288.74   4.03900e-13
      7293.62   4.05330e-13
      7298.50   4.02800e-13
      7303.39   4.02410e-13
      7308.27   4.02550e-13
      7313.16   4.01140e-13
      7318.04   4.01400e-13
      7322.92   4.01140e-13
      7327.81   4.00260e-13
      7332.69   4.01390e-13
      7337.57   4.00050e-13
      7342.46   4.00420e-13
      7347.34   3.99740e-13
      7352.23   3.98010e-13
      7357.11   3.96800e-13
      7361.99   3.98300e-13
      7366.88   3.98160e-13
      7371.76   3.97760e-13
      7376.65   3.96980e-13
      7381.53   3.96870e-13
      7386.42   3.94630e-13
      7391.30   3.92890e-13
      7396.18   3.93330e-13
      7401.07   3.93370e-13
      7405.95   3.91590e-13
      7410.84   3.91650e-13
      7415.72   3.90860e-13
      7420.60   3.91150e-13
      7425.49   3.91420e-13
      7430.37   3.89270e-13
      7435.26   3.89190e-13
      7440.14   3.89540e-13
      7445.02   3.89480e-13
      7449.91   3.89800e-13
      7454.79   3.89550e-13
      7459.68   3.87860e-13
      7464.56   3.88800e-13
      7469.45   3.86820e-13
      7474.33   3.87050e-13
      7479.21   3.86750e-13
      7484.10   3.85950e-13
      7488.98   3.84240e-13
      7493.87   3.83540e-13
      7498.75   3.82660e-13
      7503.64   3.82320e-13
      7508.52   3.82940e-13
      7513.40   3.82940e-13
      7518.29   3.82830e-13
      7523.17   3.82080e-13
      7528.06   3.81100e-13
      7532.94   3.80990e-13
      7537.83   3.81380e-13
      7542.71   3.81180e-13
      7547.60   3.79140e-13
      7552.48   3.78260e-13
      7557.36   3.79040e-13
      7562.25   3.79670e-13
      7567.13   3.79750e-13
      7572.02   3.76550e-13
      7576.90   3.76920e-13
      7581.79   3.77930e-13
      7586.67   3.77280e-13
      7591.56   3.76320e-13
      7596.44   3.75230e-13
      7601.32   3.75760e-13
      7606.21   3.73870e-13
      7611.09   3.73610e-13
      7615.98   3.73780e-13
      7620.86   3.73230e-13
      7625.75   3.72050e-13
      7630.63   3.72930e-13
      7635.52   3.72430e-13
      7640.40   3.72020e-13
      7645.28   3.71240e-13
      7650.17   3.70120e-13
      7655.05   3.67740e-13
      7659.94   3.67430e-13
      7664.82   3.68690e-13
      7669.71   3.69950e-13
      7674.59   3.70150e-13
      7679.48   3.68480e-13
      7684.36   3.66460e-13
      7689.25   3.66760e-13
      7694.13   3.65470e-13
      7699.01   3.66770e-13
      7703.90   3.66090e-13
      7708.78   3.65410e-13
      7713.67   3.64680e-13
      7718.55   3.65590e-13
      7723.44   3.65690e-13
      7728.32   3.65470e-13
      7733.21   3.65080e-13
      7738.09   3.62890e-13
      7742.98   3.63610e-13
      7747.86   3.61170e-13
      7752.74   3.60410e-13
      7757.63   3.62650e-13
      7762.51   3.64650e-13
      7767.40   3.60590e-13
      7772.28   3.59570e-13
      7777.17   3.60530e-13
      7782.05   3.59200e-13
      7786.94   3.59550e-13
      7791.82   3.59330e-13
      7796.71   3.59500e-13
      7801.59   3.60290e-13
      7806.48   3.60020e-13
      7811.36   3.58010e-13
      7816.24   3.57940e-13
      7821.13   3.58610e-13
      7826.01   3.57620e-13
      7830.90   3.56420e-13
      7835.78   3.54790e-13
      7840.67   3.55580e-13
      7845.55   3.53210e-13
      7850.44   3.51840e-13
      7855.32   3.55230e-13
      7860.21   3.54800e-13
      7865.09   3.55060e-13
      7869.98   3.56610e-13
      7874.86   3.52740e-13
      7879.74   3.52180e-13
      7884.63   3.51540e-13
      7889.51   3.51480e-13
      7894.40   3.52140e-13
      7899.28   3.52780e-13
      7904.17   3.52290e-13
      7909.05   3.50480e-13
      7913.94   3.49410e-13
      7918.82   3.49670e-13
      7923.71   3.50600e-13
      7928.59   3.49900e-13
      7933.48   3.49610e-13
      7938.36   3.49540e-13
      7943.24   3.48990e-13
      7948.13   3.49950e-13
      7953.01   3.50140e-13
      7957.90   3.46540e-13
      7962.78   3.44830e-13
      7967.67   3.44590e-13
      7972.55   3.43780e-13
      7977.44   3.45040e-13
      7982.32   3.46360e-13
      7987.21   3.45350e-13
      7992.09   3.43430e-13
      7996.97   3.43040e-13
      8001.86   3.41440e-13
      8006.74   3.40980e-13
      8011.63   3.41790e-13
      8016.51   3.41380e-13
      8021.40   3.41770e-13
      8026.28   3.40640e-13
      8031.17   3.40410e-13
      8036.05   3.38790e-13
      8040.94   3.37550e-13
      8045.82   3.37200e-13
      8050.70   3.36340e-13
      8055.59   3.37450e-13
      8060.47   3.36820e-13
      8065.36   3.37430e-13
      8070.24   3.35860e-13
      8075.13   3.35590e-13
      8080.01   3.33640e-13
      8084.90   3.34020e-13
      8089.78   3.34140e-13
      8094.67   3.33980e-13
      8099.55   3.33570e-13
      8104.43   3.33000e-13
      8109.32   3.32540e-13
      8114.20   3.32720e-13
      8119.09   3.32280e-13
      8123.97   3.32790e-13
      8128.86   3.33120e-13
      8133.74   3.32800e-13
      8138.62   3.30510e-13
      8143.51   3.29630e-13
      8148.39   3.29720e-13
      8153.28   3.29850e-13
      8158.16   3.29780e-13
      8163.05   3.29270e-13
      8167.93   3.29040e-13
      8172.82   3.28090e-13
      8177.70   3.26040e-13
      8182.58   3.25110e-13
      8187.47   3.24610e-13
      8192.35   3.23890e-13
      8197.24   3.23210e-13
      8202.12   3.23570e-13
      8207.01   3.24140e-13
      8211.89   3.23860e-13
      8216.78   3.23480e-13
      8221.66   3.24050e-13
      8226.54   3.23440e-13
      8231.43   3.22540e-13
      8236.31   3.21850e-13
      8241.20   3.21570e-13
      8246.08   3.20760e-13
      8250.96   3.21350e-13
      8255.85   3.22400e-13
      8260.73   3.20610e-13
      8265.62   3.20340e-13
      8270.50   3.20110e-13
      8275.39   3.20390e-13
      8280.27   3.20580e-13
      8285.15   3.19320e-13
      8290.04   3.18070e-13
      8294.92   3.16280e-13
      8299.81   3.17080e-13
      8304.69   3.17460e-13
      8309.58   3.17030e-13
      8314.46   3.16460e-13
      8319.34   3.16130e-13
      8324.23   3.15090e-13
      8329.11   3.14760e-13
      8334.00   3.14050e-13
      8338.88   3.14660e-13
      8343.76   3.13600e-13
      8348.65   3.12950e-13
      8353.53   3.13640e-13
      8358.42   3.12930e-13
      8363.30   3.12480e-13
      8368.18   3.12210e-13
      8373.07   3.12550e-13
      8377.95   3.13610e-13
      8382.84   3.12720e-13
      8387.72   3.10540e-13
      8392.60   3.10110e-13
      8397.49   3.10930e-13
      8402.37   3.10430e-13
      8407.25   3.08070e-13
      8412.14   3.09650e-13
      8417.02   3.08650e-13
      8421.91   3.08350e-13
      8426.79   3.08180e-13
      8431.67   3.08460e-13
      8436.56   3.06880e-13
      8441.44   3.03440e-13
      8446.33   3.04350e-13
      8451.21   3.06030e-13
      8456.09   3.06220e-13
      8460.98   3.04470e-13
      8465.86   3.03640e-13
      8470.74   3.05770e-13
      8475.63   3.04040e-13
      8480.51   3.03880e-13
      8485.40   3.01120e-13
      8490.28   2.97700e-13
      8495.16   2.94730e-13
      8500.05   2.97500e-13
      8504.93   3.00460e-13
      8509.81   3.00180e-13
      8514.70   3.02270e-13
      8519.58   2.99170e-13
      8524.46   2.95790e-13
      8529.35   2.92140e-13
      8534.23   2.81790e-13
      8539.12   2.77540e-13
      8544.00   2.85600e-13
      8548.88   2.93170e-13
      8553.77   2.97210e-13
      8558.65   2.97640e-13
      8563.53   2.97310e-13
      8568.42   2.97890e-13
      8573.30   2.98480e-13
      8578.18   2.97750e-13
      8583.07   2.97100e-13
      8587.95   2.94900e-13
      8592.83   2.94390e-13
      8597.72   2.94510e-13
      8602.60   2.95420e-13
      8607.48   2.94680e-13
      8612.37   2.95780e-13
      8617.25   2.94390e-13
      8622.13   2.94200e-13
      8627.02   2.93690e-13
      8631.90   2.94080e-13
      8636.78   2.92240e-13
      8641.67   2.88870e-13
      8646.55   2.87190e-13
      8651.43   2.83410e-13
      8656.31   2.72940e-13
      8661.20   2.75070e-13
      8666.08   2.84540e-13
      8670.96   2.86160e-13
      8675.85   2.88040e-13
      8680.73   2.87390e-13
      8685.61   2.90050e-13
      8690.50   2.90140e-13
      8695.38   2.90960e-13
      8700.26   2.91560e-13
      8705.14   2.92040e-13
      8710.03   2.89580e-13
      8714.91   2.89140e-13
      8719.79   2.88230e-13
      8724.67   2.87250e-13
      8729.56   2.84380e-13
      8734.44   2.84460e-13
      8739.32   2.83390e-13
      8744.21   2.80180e-13
      8749.09   2.81650e-13
      8753.97   2.82590e-13
      8758.85   2.84900e-13
      8763.74   2.87030e-13
      8768.62   2.86200e-13
      8773.50   2.85940e-13
      8778.38   2.85340e-13
      8783.27   2.84490e-13
      8788.15   2.84640e-13
      8793.03   2.84620e-13
      8797.92   2.83580e-13
      8802.80   2.83330e-13
      8807.68   2.84150e-13
      8812.56   2.82580e-13
      8817.44   2.81140e-13
      8822.33   2.81650e-13
      8827.21   2.81030e-13
      8832.09   2.81710e-13
      8836.97   2.80490e-13
      8841.86   2.80010e-13
      8846.74   2.78740e-13
      8851.62   2.75940e-13
      8856.50   2.72750e-13
      8861.39   2.72180e-13
      8866.27   2.74700e-13
      8871.15   2.76650e-13
      8876.03   2.78820e-13
      8880.91   2.80810e-13
      8885.80   2.79630e-13
      8890.68   2.78810e-13
      8895.56   2.77250e-13
      8900.44   2.76070e-13
      8905.32   2.75840e-13
      8910.21   2.76700e-13
      8915.09   2.77600e-13
      8919.97   2.78890e-13
      8924.85   2.77290e-13
      8929.73   2.76100e-13
      8934.62   2.75190e-13
      8939.50   2.74560e-13
      8944.38   2.73220e-13
      8949.26   2.74860e-13
      8954.14   2.75360e-13
      8959.02   2.75600e-13
      8963.91   2.76230e-13
      8968.79   2.74610e-13
      8973.67   2.72310e-13
      8978.55   2.72540e-13
      8983.43   2.71580e-13
      8988.31   2.71380e-13
      8993.20   2.70330e-13
      8998.08   2.65480e-13
      9002.96   2.63450e-13
      9007.84   2.59000e-13
      9012.72   2.59500e-13
      9017.60   2.63780e-13
      9022.48   2.69010e-13
      9027.37   2.68900e-13
      9032.25   2.69020e-13
      9037.13   2.69560e-13
      9042.01   2.67530e-13
      9046.89   2.68410e-13
      9051.77   2.67780e-13
      9056.65   2.66160e-13
      9061.53   2.69250e-13
      9066.42   2.70740e-13
      9071.30   2.68700e-13
      9076.18   2.70570e-13
      9081.06   2.69240e-13
      9085.94   2.65630e-13
      9090.82   2.64230e-13
      9095.70   2.65880e-13
      9100.58   2.65750e-13
      9105.46   2.65400e-13
      9110.34   2.66030e-13
      9115.22   2.65430e-13
      9120.11   2.65060e-13
      9124.99   2.65020e-13
      9129.87   2.64200e-13
      9134.75   2.65560e-13
      9139.63   2.66290e-13
      9144.51   2.67590e-13
      9149.39   2.69020e-13
      9154.27   2.68950e-13
      9159.15   2.67000e-13
      9164.03   2.65140e-13
      9168.91   2.63430e-13
      9173.79   2.60330e-13
      9178.67   2.60000e-13
      9183.55   2.60830e-13
      9188.43   2.61700e-13
      9193.31   2.60730e-13
      9198.19   2.61210e-13
      9203.08   2.57700e-13
      9207.96   2.52830e-13
      9212.83   2.51300e-13
      9217.72   2.47110e-13
      9222.60   2.43950e-13
      9227.48   2.46440e-13
      9232.36   2.49850e-13
      9237.24   2.51950e-13
      9242.12   2.52470e-13
      9247.00   2.51900e-13
      9251.88   2.52000e-13
      9256.76   2.53920e-13
      9261.64   2.54790e-13
      9266.52   2.54100e-13
      9271.40   2.53830e-13
      9276.28   2.54460e-13
      9281.16   2.53010e-13
      9286.03   2.53190e-13
      9290.91   2.56460e-13
      9295.79   2.55800e-13
      9300.67   2.54590e-13
      9305.55   2.53490e-13
      9310.43   2.52000e-13
      9315.31   2.49870e-13
      9320.19   2.48440e-13
      9325.07   2.49960e-13
      9329.95   2.49530e-13
      9334.83   2.50510e-13
      9339.71   2.50070e-13
      9344.59   2.47530e-13
      9349.47   2.48080e-13
      9354.35   2.48870e-13
      9359.23   2.50490e-13
      9364.11   2.49250e-13
      9368.98   2.50050e-13
      9373.86   2.49710e-13
      9378.74   2.49660e-13
      9383.62   2.49360e-13
      9388.50   2.49910e-13
      9393.38   2.50070e-13
      9398.26   2.48030e-13
      9403.14   2.47730e-13
      9408.02   2.46520e-13
      9412.90   2.46820e-13
      9417.77   2.43820e-13
      9422.65   2.43610e-13
      9427.53   2.43950e-13
      9432.41   2.44530e-13
      9437.29   2.44170e-13
      9442.17   2.46250e-13
      9447.05   2.45990e-13
      9451.92   2.45370e-13
      9456.80   2.45240e-13
      9461.68   2.43920e-13
      9466.56   2.44270e-13
      9471.44   2.43080e-13
      9476.32   2.43300e-13
      9481.20   2.44280e-13
      9486.07   2.41190e-13
      9490.95   2.41190e-13
      9495.83   2.40300e-13
      9500.71   2.40140e-13
      9505.59   2.40480e-13
      9510.46   2.38450e-13
      9515.34   2.37370e-13
      9520.22   2.37230e-13
      9525.10   2.33740e-13
      9529.98   2.33560e-13
      9534.85   2.30910e-13
      9539.73   2.25470e-13
      9544.61   2.26850e-13
      9549.49   2.31910e-13
      9554.37   2.32990e-13
      9559.24   2.34570e-13
      9564.12   2.37840e-13
      9569.00   2.37680e-13
      9573.88   2.36090e-13
      9578.75   2.36690e-13
      9583.63   2.35100e-13
      9588.51   2.35600e-13
      9593.39   2.36370e-13
      9598.26   2.35720e-13
      9603.14   2.34980e-13
      9608.02   2.35750e-13
      9612.89   2.36510e-13
      9617.77   2.35230e-13
      9622.65   2.33020e-13
      9627.53   2.34060e-13
      9632.40   2.32810e-13
      9637.28   2.33810e-13
      9642.16   2.33430e-13
      9647.03   2.31820e-13
      9651.91   2.33900e-13
      9656.79   2.33590e-13
      9661.67   2.34270e-13
      9666.54   2.34900e-13
      9671.42   2.34840e-13
      9676.29   2.33250e-13
      9681.17   2.30910e-13
      9686.05   2.31580e-13
      9690.92   2.33190e-13
      9695.80   2.34450e-13
      9700.68   2.34620e-13
      9705.55   2.33430e-13
      9710.43   2.30510e-13
      9715.31   2.29740e-13
      9720.18   2.28230e-13
      9725.06   2.28390e-13
      9729.94   2.28460e-13
      9734.81   2.29060e-13
      9739.69   2.27460e-13
      9744.56   2.26960e-13
      9749.44   2.27310e-13
      9754.32   2.28870e-13
      9759.19   2.29230e-13
      9764.07   2.28910e-13
      9768.94   2.28400e-13
      9773.82   2.28260e-13
      9778.70   2.29150e-13
      9783.57   2.29440e-13
      9788.45   2.31270e-13
      9793.32   2.27780e-13
      9798.20   2.27800e-13
      9803.07   2.29850e-13
      9807.95   2.27620e-13
      9812.83   2.25890e-13
      9817.70   2.24330e-13
      9822.58   2.24290e-13
      9827.45   2.25200e-13
      9832.33   2.24400e-13
      9837.20   2.24910e-13
      9842.08   2.24920e-13
      9846.95   2.24800e-13
      9851.83   2.25910e-13
      9856.70   2.23700e-13
      9861.58   2.22780e-13
      9866.45   2.23230e-13
      9871.33   2.20110e-13
      9876.20   2.23610e-13
      9881.08   2.26280e-13
      9885.95   2.25290e-13
      9890.83   2.23380e-13
      9895.70   2.22670e-13
      9900.58   2.21180e-13
      9905.45   2.17900e-13
      9910.33   2.19490e-13
      9915.20   2.18640e-13
      9920.07   2.18660e-13
      9924.95   2.21350e-13
      9929.82   2.18250e-13
      9934.70   2.18230e-13
      9939.57   2.18040e-13
      9944.45   2.17680e-13
      9949.32   2.17260e-13
      9954.19   2.15980e-13
      9959.07   2.16550e-13
      9963.94   2.17630e-13
      9968.82   2.15950e-13
      9973.69   2.14820e-13
      9978.56   2.16860e-13
      9983.44   2.16330e-13
      9988.31   2.15950e-13
      9993.18   2.15410e-13
      9998.06   2.16690e-13
      10002.9   2.17180e-13
      10007.8   2.16610e-13
      10012.7   2.16170e-13
      10017.6   2.16380e-13
      10022.4   2.13860e-13
      10027.3   2.10280e-13
      10032.2   2.08300e-13
      10037.0   2.07510e-13
      10041.9   2.02820e-13
      10046.8   2.02280e-13
      10051.7   2.04190e-13
      10056.5   2.07780e-13
      10061.4   2.08770e-13
      10066.3   2.10480e-13
      10071.2   2.10080e-13
      10076.0   2.12190e-13
      10080.9   2.09970e-13
      10085.8   2.09090e-13
      10090.6   2.09650e-13
      10095.5   2.12000e-13
      10100.4   2.11210e-13
      10105.3   2.11310e-13
      10110.1   2.12220e-13
      10115.0   2.12990e-13
      10119.9   2.12200e-13
      10124.8   2.14610e-13
      10129.6   2.15720e-13
      10134.5   2.13720e-13
      10139.4   2.14860e-13
      10144.2   2.12560e-13
      10149.1   2.13100e-13
      10154.0   2.13120e-13
      10158.9   2.10270e-13
      10163.7   2.10690e-13
      10168.6   2.12500e-13
      10173.5   2.11040e-13
      10178.3   2.10180e-13
      10183.2   2.11970e-13
      10188.1   2.14570e-13
      10193.0   2.14040e-13
      10197.8   2.14810e-13
      10262.8   2.10700e-13
      10823.0   1.87400e-13
      11143.1   1.77400e-13
      12003.3   1.49300e-13
