3.000000000000000000e+03 2.998359999999999914e-01
3.010000000000000000e+03 3.075635534374236979e-01
3.020000000000000000e+03 3.152911068748474044e-01
3.030000000000000000e+03 3.230186603122711109e-01
3.040000000000000000e+03 3.307462137496948174e-01
3.050000000000000000e+03 3.384737671871185238e-01
3.060000000000000000e+03 3.462013206245422303e-01
3.070000000000000000e+03 3.539288740619659368e-01
3.080000000000000000e+03 3.616564274993896433e-01
3.090000000000000000e+03 3.693839809368133498e-01
3.100000000000000000e+03 3.771115343742370563e-01
3.110000000000000000e+03 3.848390878116607627e-01
3.120000000000000000e+03 3.925666412490844692e-01
3.130000000000000000e+03 4.002941946865081757e-01
3.140000000000000000e+03 4.080217481239318822e-01
3.150000000000000000e+03 4.157493015613555887e-01
3.160000000000000000e+03 4.234768549987792952e-01
3.170000000000000000e+03 4.312044084362030016e-01
3.180000000000000000e+03 4.389319618736267081e-01
3.190000000000000000e+03 4.466595153110504146e-01
3.200000000000000000e+03 4.543870687484741211e-01
3.210000000000000000e+03 5.077599883079528809e-01
3.220000000000000000e+03 4.853543639183044434e-01
3.230000000000000000e+03 5.095739960670471191e-01
3.240000000000000000e+03 5.400604009628295898e-01
3.250000000000000000e+03 5.180069804191589355e-01
3.260000000000000000e+03 5.498903989791870117e-01
3.270000000000000000e+03 5.575973987579345703e-01
3.280000000000000000e+03 5.407013297080993652e-01
3.290000000000000000e+03 5.757778882980346680e-01
3.300000000000000000e+03 5.818935632705688477e-01
3.310000000000000000e+03 5.683575272560119629e-01
3.320000000000000000e+03 5.910604596138000488e-01
3.330000000000000000e+03 5.955514907836914062e-01
3.340000000000000000e+03 5.926218032836914062e-01
3.350000000000000000e+03 6.065438985824584961e-01
3.360000000000000000e+03 6.118504405021667480e-01
3.370000000000000000e+03 6.085321307182312012e-01
3.380000000000000000e+03 6.169941425323486328e-01
3.390000000000000000e+03 6.237040758132934570e-01
3.400000000000000000e+03 6.227494478225708008e-01
3.410000000000000000e+03 6.304174065589904785e-01
3.420000000000000000e+03 6.351051330566406250e-01
3.430000000000000000e+03 6.380921602249145508e-01
3.440000000000000000e+03 6.373975276947021484e-01
3.450000000000000000e+03 6.446619629859924316e-01
3.460000000000000000e+03 6.487080454826354980e-01
3.470000000000000000e+03 6.514806747436523438e-01
3.480000000000000000e+03 6.551447510719299316e-01
3.490000000000000000e+03 6.587619781494140625e-01
3.500000000000000000e+03 6.619429588317871094e-01
3.510000000000000000e+03 6.653491854667663574e-01
3.520000000000000000e+03 6.684112548828125000e-01
3.530000000000000000e+03 6.714419126510620117e-01
3.540000000000000000e+03 6.744415163993835449e-01
3.550000000000000000e+03 6.774103045463562012e-01
3.560000000000000000e+03 6.803486347198486328e-01
3.570000000000000000e+03 6.832566261291503906e-01
3.580000000000000000e+03 6.861345767974853516e-01
3.590000000000000000e+03 6.889828443527221680e-01
3.600000000000000000e+03 6.918016076087951660e-01
3.610000000000000000e+03 6.945911645889282227e-01
3.620000000000000000e+03 6.973518133163452148e-01
3.630000000000000000e+03 7.000838518142700195e-01
3.640000000000000000e+03 7.027874588966369629e-01
3.650000000000000000e+03 7.054629325866699219e-01
3.660000000000000000e+03 7.081105709075927734e-01
3.670000000000000000e+03 7.107306718826293945e-01
3.680000000000000000e+03 7.133233547210693359e-01
3.690000000000000000e+03 7.158890962600708008e-01
3.700000000000000000e+03 7.184280157089233398e-01
3.710000000000000000e+03 7.209403514862060547e-01
3.720000000000000000e+03 7.234265208244323730e-01
3.730000000000000000e+03 7.258866429328918457e-01
3.740000000000000000e+03 7.283210754394531250e-01
3.750000000000000000e+03 7.307299375534057617e-01
3.760000000000000000e+03 7.331136465072631836e-01
3.770000000000000000e+03 7.354724407196044922e-01
3.780000000000000000e+03 7.378064990043640137e-01
3.790000000000000000e+03 7.401161193847656250e-01
3.800000000000000000e+03 7.424015402793884277e-01
3.810000000000000000e+03 7.446630001068115234e-01
3.820000000000000000e+03 7.469007968902587891e-01
3.830000000000000000e+03 7.491151094436645508e-01
3.840000000000000000e+03 7.513062953948974609e-01
3.850000000000000000e+03 7.534744739532470703e-01
3.860000000000000000e+03 7.556200027465820312e-01
3.870000000000000000e+03 7.577430605888366699e-01
3.880000000000000000e+03 7.598438262939453125e-01
3.890000000000000000e+03 7.619226574897766113e-01
3.900000000000000000e+03 7.639797329902648926e-01
3.910000000000000000e+03 7.660152912139892578e-01
3.920000000000000000e+03 7.680295705795288086e-01
3.930000000000000000e+03 7.700227499008178711e-01
3.940000000000000000e+03 7.719951272010803223e-01
3.950000000000000000e+03 7.739468812942504883e-01
3.960000000000000000e+03 7.758783102035522461e-01
3.970000000000000000e+03 7.777895927429199219e-01
3.980000000000000000e+03 7.796809077262878418e-01
3.990000000000000000e+03 7.815524935722351074e-01
4.000000000000000000e+03 7.834045886993408203e-01
4.010000000000000000e+03 7.852374315261840820e-01
4.020000000000000000e+03 7.870512008666992188e-01
4.030000000000000000e+03 7.888461351394653320e-01
4.040000000000000000e+03 7.906223535537719727e-01
4.050000000000000000e+03 7.923802137374877930e-01
4.060000000000000000e+03 7.940873503684997559e-01
4.070000000000000000e+03 7.957771420478820801e-01
4.080000000000000000e+03 7.974482178688049316e-01
4.090000000000000000e+03 7.991022467613220215e-01
4.100000000000000000e+03 8.007387518882751465e-01
4.110000000000000000e+03 8.023867011070251465e-01
4.120000000000000000e+03 8.040183782577514648e-01
4.130000000000000000e+03 8.056331872940063477e-01
4.140000000000000000e+03 8.072313070297241211e-01
4.150000000000000000e+03 8.088121414184570312e-01
4.160000000000000000e+03 8.103704452514648438e-01
4.170000000000000000e+03 8.119125366210937500e-01
4.180000000000000000e+03 8.134386539459228516e-01
4.190000000000000000e+03 8.149490356445312500e-01
4.200000000000000000e+03 8.164438009262084961e-01
4.210000000000000000e+03 8.179039955139160156e-01
4.220000000000000000e+03 8.193482160568237305e-01
4.230000000000000000e+03 8.207779526710510254e-01
4.240000000000000000e+03 8.221927285194396973e-01
4.250000000000000000e+03 8.235918879508972168e-01
4.260000000000000000e+03 8.250029087066650391e-01
4.270000000000000000e+03 8.263995051383972168e-01
4.280000000000000000e+03 8.277817964553833008e-01
4.290000000000000000e+03 8.291501402854919434e-01
4.300000000000000000e+03 8.305045366287231445e-01
4.310000000000000000e+03 8.318265676498413086e-01
4.320000000000000000e+03 8.331366181373596191e-01
4.330000000000000000e+03 8.344315290451049805e-01
4.340000000000000000e+03 8.357146978378295898e-01
4.350000000000000000e+03 8.369837999343872070e-01
4.360000000000000000e+03 8.382163047790527344e-01
4.370000000000000000e+03 8.394359350204467773e-01
4.380000000000000000e+03 8.406409025192260742e-01
4.390000000000000000e+03 8.418390750885009766e-01
4.400000000000000000e+03 8.430189490318298340e-01
4.410000000000000000e+03 8.442044854164123535e-01
4.420000000000000000e+03 8.453769683837890625e-01
4.430000000000000000e+03 8.465440273284912109e-01
4.440000000000000000e+03 8.476925492286682129e-01
4.450000000000000000e+03 8.488301038742065430e-01
4.460000000000000000e+03 8.499609827995300293e-01
4.470000000000000000e+03 8.510752916336059570e-01
4.480000000000000000e+03 8.521832823753356934e-01
4.490000000000000000e+03 8.532750010490417480e-01
4.500000000000000000e+03 8.543605804443359375e-01
4.510000000000000000e+03 8.554118275642395020e-01
4.520000000000000000e+03 8.564521670341491699e-01
4.530000000000000000e+03 8.574758172035217285e-01
4.540000000000000000e+03 8.584945797920227051e-01
4.550000000000000000e+03 8.595036864280700684e-01
4.560000000000000000e+03 8.603758811950683594e-01
4.570000000000000000e+03 8.612383604049682617e-01
4.580000000000000000e+03 8.620902299880981445e-01
4.590000000000000000e+03 8.629317283630371094e-01
4.600000000000000000e+03 8.637629747390747070e-01
4.610000000000000000e+03 8.647457361221313477e-01
4.620000000000000000e+03 8.657187819480895996e-01
4.630000000000000000e+03 8.666755557060241699e-01
4.640000000000000000e+03 8.676295876502990723e-01
4.650000000000000000e+03 8.685742616653442383e-01
4.660000000000000000e+03 8.694732785224914551e-01
4.670000000000000000e+03 8.703690171241760254e-01
4.680000000000000000e+03 8.712505102157592773e-01
4.690000000000000000e+03 8.721280694007873535e-01
4.700000000000000000e+03 8.729908466339111328e-01
4.710000000000000000e+03 8.737911581993103027e-01
4.720000000000000000e+03 8.745876550674438477e-01
4.730000000000000000e+03 8.753695487976074219e-01
4.740000000000000000e+03 8.761495947837829590e-01
4.750000000000000000e+03 8.769142627716064453e-01
4.760000000000000000e+03 8.775071501731872559e-01
4.770000000000000000e+03 8.780853152275085449e-01
4.780000000000000000e+03 8.786608576774597168e-01
4.790000000000000000e+03 8.792220354080200195e-01
4.800000000000000000e+03 8.797807097434997559e-01
4.810000000000000000e+03 8.804411888122558594e-01
4.820000000000000000e+03 8.810876011848449707e-01
4.830000000000000000e+03 8.817321658134460449e-01
4.840000000000000000e+03 8.823628425598144531e-01
4.850000000000000000e+03 8.829909563064575195e-01
4.860000000000000000e+03 8.837902545928955078e-01
4.870000000000000000e+03 8.845813870429992676e-01
4.880000000000000000e+03 8.853653669357299805e-01
4.890000000000000000e+03 8.861422538757324219e-01
4.900000000000000000e+03 8.869130015373229980e-01
4.910000000000000000e+03 8.875588178634643555e-01
4.920000000000000000e+03 8.881984949111938477e-01
4.930000000000000000e+03 8.888250589370727539e-01
4.940000000000000000e+03 8.894508481025695801e-01
4.950000000000000000e+03 8.900688886642456055e-01
4.960000000000000000e+03 8.903980851173400879e-01
4.970000000000000000e+03 8.907384276390075684e-01
4.980000000000000000e+03 8.910037279129028320e-01
4.990000000000000000e+03 8.913239240646362305e-01
5.000000000000000000e+03 8.916372656822204590e-01
5.010000000000000000e+03 8.918213844299316406e-01
5.020000000000000000e+03 8.919985890388488770e-01
5.030000000000000000e+03 8.921689987182617188e-01
5.040000000000000000e+03 8.923326134681701660e-01
5.050000000000000000e+03 8.924903869628906250e-01
5.060000000000000000e+03 8.931971192359924316e-01
5.070000000000000000e+03 8.938989043235778809e-01
5.080000000000000000e+03 8.945326805114746094e-01
5.090000000000000000e+03 8.952223062515258789e-01
5.100000000000000000e+03 8.959072232246398926e-01
5.110000000000000000e+03 8.965241312980651855e-01
5.120000000000000000e+03 8.970729708671569824e-01
5.130000000000000000e+03 8.976788520812988281e-01
5.140000000000000000e+03 8.982175588607788086e-01
5.150000000000000000e+03 8.988126516342163086e-01
5.160000000000000000e+03 8.991532921791076660e-01
5.170000000000000000e+03 8.995511531829833984e-01
5.180000000000000000e+03 8.998816013336181641e-01
5.190000000000000000e+03 9.002686142921447754e-01
5.200000000000000000e+03 9.005874395370483398e-01
5.210000000000000000e+03 9.007777571678161621e-01
5.220000000000000000e+03 9.009616971015930176e-01
5.230000000000000000e+03 9.012032747268676758e-01
5.240000000000000000e+03 9.013774991035461426e-01
5.250000000000000000e+03 9.015455842018127441e-01
5.260000000000000000e+03 9.014603495597839355e-01
5.270000000000000000e+03 9.014319777488708496e-01
5.280000000000000000e+03 9.013367891311645508e-01
5.290000000000000000e+03 9.012987017631530762e-01
5.300000000000000000e+03 9.011930227279663086e-01
5.310000000000000000e+03 9.014576077461242676e-01
5.320000000000000000e+03 9.017165303230285645e-01
5.330000000000000000e+03 9.020342230796813965e-01
5.340000000000000000e+03 9.022839069366455078e-01
5.350000000000000000e+03 9.025298953056335449e-01
5.360000000000000000e+03 9.028331041336059570e-01
5.370000000000000000e+03 9.031327962875366211e-01
5.380000000000000000e+03 9.034898281097412109e-01
5.390000000000000000e+03 9.037808775901794434e-01
5.400000000000000000e+03 9.040675759315490723e-01
5.410000000000000000e+03 9.042872786521911621e-01
5.420000000000000000e+03 9.045027494430541992e-01
5.430000000000000000e+03 9.047768115997314453e-01
5.440000000000000000e+03 9.049839377403259277e-01
5.450000000000000000e+03 9.051868915557861328e-01
5.460000000000000000e+03 9.055117368698120117e-01
5.470000000000000000e+03 9.058316349983215332e-01
5.480000000000000000e+03 9.061486721038818359e-01
5.490000000000000000e+03 9.064617753028869629e-01
5.500000000000000000e+03 9.067711830139160156e-01
5.510000000000000000e+03 9.069885030536650738e-01
5.520000000000000000e+03 9.071473409135313304e-01
5.530000000000000000e+03 9.073657255134803812e-01
5.540000000000000000e+03 9.075296817851833397e-01
5.550000000000000000e+03 9.076859810554258612e-01
5.560000000000000000e+03 9.074967194515364266e-01
5.570000000000000000e+03 9.072165408313529467e-01
5.580000000000000000e+03 9.069501456526696259e-01
5.590000000000000000e+03 9.067246481709719808e-01
5.600000000000000000e+03 9.064832297229263869e-01
5.610000000000000000e+03 9.063082448145088899e-01
5.620000000000000000e+03 9.061555291261815803e-01
5.630000000000000000e+03 9.059838670774038594e-01
5.640000000000000000e+03 9.058812537967799727e-01
5.650000000000000000e+03 9.056991495580144491e-01
5.660000000000000000e+03 9.056123477367444830e-01
5.670000000000000000e+03 9.055705099089357279e-01
5.680000000000000000e+03 9.054602747998694579e-01
5.690000000000000000e+03 9.057348659906202526e-01
5.700000000000000000e+03 9.054917662869120809e-01
5.710000000000000000e+03 9.055414014162019853e-01
5.720000000000000000e+03 9.058195331910610104e-01
5.730000000000000000e+03 9.057253553372858201e-01
5.740000000000000000e+03 9.062002525823287247e-01
5.750000000000000000e+03 9.065718382525465024e-01
5.760000000000000000e+03 9.072019202780435831e-01
5.770000000000000000e+03 9.079654130215910612e-01
5.780000000000000000e+03 9.083848031928321021e-01
5.790000000000000000e+03 9.089517776107229885e-01
5.800000000000000000e+03 9.095386540733118030e-01
5.810000000000000000e+03 9.101365041662575761e-01
5.820000000000000000e+03 9.106843995647004864e-01
5.830000000000000000e+03 9.112903721345967378e-01
5.840000000000000000e+03 9.118648509875802999e-01
5.850000000000000000e+03 9.123634562132357795e-01
5.860000000000000000e+03 9.128209150024999552e-01
5.870000000000000000e+03 9.128088448290077039e-01
5.880000000000000000e+03 9.096769504780030102e-01
5.890000000000000000e+03 9.000881624476526621e-01
5.900000000000000000e+03 9.011997860251144132e-01
5.910000000000000000e+03 9.084458004585065360e-01
5.920000000000000000e+03 9.027486244051554642e-01
5.930000000000000000e+03 9.125976911856672480e-01
5.940000000000000000e+03 9.072881109837275249e-01
5.950000000000000000e+03 9.018107580060341633e-01
5.960000000000000000e+03 9.080120373453571814e-01
5.970000000000000000e+03 9.056718271176702473e-01
5.980000000000000000e+03 9.094617233654590516e-01
5.990000000000000000e+03 9.109017630638408525e-01
6.000000000000000000e+03 9.122012324657691185e-01
6.010000000000000000e+03 9.139962831170870272e-01
6.020000000000000000e+03 9.142438006040141119e-01
6.030000000000000000e+03 9.146920643690497066e-01
6.040000000000000000e+03 9.149902261375660872e-01
6.050000000000000000e+03 9.153038395884757206e-01
6.060000000000000000e+03 9.159657638798612833e-01
6.070000000000000000e+03 9.166112521572442606e-01
6.080000000000000000e+03 9.172868749313561887e-01
6.090000000000000000e+03 9.179209543041406683e-01
6.100000000000000000e+03 9.185359570513509375e-01
6.110000000000000000e+03 9.191590855817732830e-01
6.120000000000000000e+03 9.198473846267964937e-01
6.130000000000000000e+03 9.204935052246451255e-01
6.140000000000000000e+03 9.211248513402270355e-01
6.150000000000000000e+03 9.217976308927822160e-01
6.160000000000000000e+03 9.225377632440514564e-01
6.170000000000000000e+03 9.231961633900320763e-01
6.180000000000000000e+03 9.238278115088879305e-01
6.190000000000000000e+03 9.244186894784803821e-01
6.200000000000000000e+03 9.251422365456134500e-01
6.210000000000000000e+03 9.258275260848999322e-01
6.220000000000000000e+03 9.264938689594682808e-01
6.230000000000000000e+03 9.270822584853010140e-01
6.240000000000000000e+03 9.276869911416411041e-01
6.250000000000000000e+03 9.283540492388967502e-01
6.260000000000000000e+03 9.285866930586794687e-01
6.270000000000000000e+03 9.272144392385064382e-01
6.280000000000000000e+03 8.825009572613878861e-01
6.290000000000000000e+03 9.145286757591826188e-01
6.300000000000000000e+03 9.136990200023352715e-01
6.310000000000000000e+03 9.192454954721611671e-01
6.320000000000000000e+03 9.225256325183754935e-01
6.330000000000000000e+03 9.267873115137074125e-01
6.340000000000000000e+03 9.287622098253613956e-01
6.350000000000000000e+03 9.294009191824518235e-01
6.360000000000000000e+03 9.316405450513772779e-01
6.370000000000000000e+03 9.330723172645349894e-01
6.380000000000000000e+03 9.349797556075036820e-01
6.390000000000000000e+03 9.352676124666271518e-01
6.400000000000000000e+03 9.372632313074755750e-01
6.410000000000000000e+03 9.377117155472992627e-01
6.420000000000000000e+03 9.380497327495345150e-01
6.430000000000000000e+03 9.383668739325683461e-01
6.440000000000000000e+03 9.386866133002803592e-01
6.450000000000000000e+03 9.392280763909333086e-01
6.460000000000000000e+03 9.371938014320445598e-01
6.470000000000000000e+03 9.355995519490915013e-01
6.480000000000000000e+03 9.310501825062064141e-01
6.490000000000000000e+03 9.325965382985237362e-01
6.500000000000000000e+03 9.367973793562011098e-01
6.510000000000000000e+03 9.403612002204775333e-01
6.520000000000000000e+03 9.282186254445822238e-01
6.530000000000000000e+03 9.427745915398505483e-01
6.540000000000000000e+03 9.426502077360164877e-01
6.550000000000000000e+03 9.373183890976577448e-01
6.560000000000000000e+03 9.408747201185166942e-01
6.570000000000000000e+03 9.411715553040259641e-01
6.580000000000000000e+03 9.441023478141491454e-01
6.590000000000000000e+03 9.455748673202369892e-01
6.600000000000000000e+03 9.461713857642983783e-01
6.610000000000000000e+03 9.466417342102443344e-01
6.620000000000000000e+03 9.468082480215566088e-01
6.630000000000000000e+03 9.472718458266101704e-01
6.640000000000000000e+03 9.477489995471373163e-01
6.650000000000000000e+03 9.480423474883934443e-01
6.660000000000000000e+03 9.484556585744442492e-01
6.670000000000000000e+03 9.488824122608957579e-01
6.680000000000000000e+03 9.493167255347515487e-01
6.690000000000000000e+03 9.496882135819210147e-01
6.700000000000000000e+03 9.501346473295250172e-01
6.710000000000000000e+03 9.504806545553429187e-01
6.720000000000000000e+03 9.507928764365386476e-01
6.730000000000000000e+03 9.511874192837928010e-01
6.740000000000000000e+03 9.514941690769416205e-01
6.750000000000000000e+03 9.518467749924144350e-01
6.760000000000000000e+03 9.521414432874378830e-01
6.770000000000000000e+03 9.525266828476581793e-01
6.780000000000000000e+03 9.528151741578557710e-01
6.790000000000000000e+03 9.531782598379318072e-01
6.800000000000000000e+03 9.534663393566430445e-01
6.810000000000000000e+03 9.538609064512493241e-01
6.820000000000000000e+03 9.542457389098562004e-01
6.830000000000000000e+03 9.546009640601483826e-01
6.840000000000000000e+03 9.550717370816271812e-01
6.850000000000000000e+03 9.554232005561676955e-01
6.860000000000000000e+03 9.555653021613875753e-01
6.870000000000000000e+03 7.584770869079002775e-01
6.880000000000000000e+03 8.046782862741299613e-01
6.890000000000000000e+03 8.091459369784166356e-01
6.900000000000000000e+03 8.114368388729331638e-01
6.910000000000000000e+03 8.962177652489686785e-01
6.920000000000000000e+03 9.154161652347492240e-01
6.930000000000000000e+03 9.218347805737009404e-01
6.940000000000000000e+03 9.210684786517712164e-01
6.950000000000000000e+03 9.341729239243578009e-01
6.960000000000000000e+03 9.295181992980595664e-01
6.970000000000000000e+03 9.540391362487028459e-01
6.980000000000000000e+03 9.539353038866784651e-01
6.990000000000000000e+03 9.412326477246365508e-01
7.000000000000000000e+03 9.421213052184466141e-01
7.010000000000000000e+03 9.455363297417775925e-01
7.020000000000000000e+03 9.426876048011644249e-01
7.030000000000000000e+03 9.460420837876254430e-01
7.040000000000000000e+03 9.519660234597614457e-01
7.050000000000000000e+03 9.548728835420973171e-01
7.060000000000000000e+03 9.539213231256885583e-01
7.070000000000000000e+03 9.580546750609972850e-01
7.080000000000000000e+03 9.563197747311883434e-01
7.090000000000000000e+03 9.592722915474211076e-01
7.100000000000000000e+03 9.590192318180741360e-01
7.110000000000000000e+03 9.593622377445052418e-01
7.120000000000000000e+03 9.607759563105435774e-01
7.130000000000000000e+03 9.603529466288247551e-01
7.140000000000000000e+03 9.598673085871523014e-01
7.150000000000000000e+03 9.538420728190578624e-01
7.160000000000000000e+03 9.553569014879491617e-01
7.170000000000000000e+03 9.063009052181629777e-01
7.180000000000000000e+03 8.871507073770847907e-01
7.190000000000000000e+03 8.413984045896882868e-01
7.200000000000000000e+03 8.552322910409990708e-01
7.210000000000000000e+03 9.043150578926271166e-01
7.220000000000000000e+03 9.449301039110091782e-01
7.230000000000000000e+03 9.164554438443072160e-01
7.240000000000000000e+03 8.772455843230181349e-01
7.250000000000000000e+03 9.160638926489002021e-01
7.260000000000000000e+03 8.942127841946544420e-01
7.270000000000000000e+03 8.972190962625676836e-01
7.280000000000000000e+03 8.814490838154090957e-01
7.290000000000000000e+03 9.035403955697222100e-01
7.300000000000000000e+03 9.240768987500832532e-01
7.310000000000000000e+03 9.168494496673713634e-01
7.320000000000000000e+03 9.303363637500685623e-01
7.330000000000000000e+03 9.449809920073505287e-01
7.340000000000000000e+03 9.591097813536015870e-01
7.350000000000000000e+03 9.522333560809173036e-01
7.360000000000000000e+03 9.555352159753018881e-01
7.370000000000000000e+03 9.512296158578102956e-01
7.380000000000000000e+03 9.593386853793356428e-01
7.390000000000000000e+03 9.634200973322042394e-01
7.400000000000000000e+03 9.626596141100924875e-01
7.410000000000000000e+03 9.654248374919879305e-01
7.420000000000000000e+03 9.665740925812378315e-01
7.430000000000000000e+03 9.669834624436374204e-01
7.440000000000000000e+03 9.676704860164705435e-01
7.450000000000000000e+03 9.687526344387069610e-01
7.460000000000000000e+03 9.690338482503211281e-01
7.470000000000000000e+03 9.692402392070657013e-01
7.480000000000000000e+03 9.693631090848542353e-01
7.490000000000000000e+03 9.696039828819021933e-01
7.500000000000000000e+03 9.697374483302367842e-01
7.510000000000000000e+03 9.698936903079482530e-01
7.520000000000000000e+03 9.700791236056813815e-01
7.530000000000000000e+03 9.702238755553368454e-01
7.540000000000000000e+03 9.703718575792533718e-01
7.550000000000000000e+03 9.705970789960971512e-01
7.560000000000000000e+03 9.707515532120012391e-01
7.570000000000000000e+03 9.706469154361639928e-01
7.580000000000000000e+03 9.699754682260469663e-01
7.590000000000000000e+03 9.437412014686771267e-01
7.600000000000000000e+03 3.595069923863750128e-01
7.610000000000000000e+03 2.875726605411051962e-01
7.620000000000000000e+03 7.045989539870270990e-01
7.630000000000000000e+03 4.719706240713945622e-01
7.640000000000000000e+03 5.482063096931002466e-01
7.650000000000000000e+03 6.889588576154501709e-01
7.660000000000000000e+03 7.479161391478484910e-01
7.670000000000000000e+03 8.672489297532239849e-01
7.680000000000000000e+03 9.241676545790958874e-01
7.690000000000000000e+03 9.466842002054149940e-01
7.700000000000000000e+03 9.607305435552581097e-01
7.710000000000000000e+03 9.695912833171083101e-01
7.720000000000000000e+03 9.716002996774948386e-01
7.730000000000000000e+03 9.720742710686632870e-01
7.740000000000000000e+03 9.722245448582803595e-01
7.750000000000000000e+03 9.732213821328021819e-01
7.760000000000000000e+03 9.729605846227762367e-01
7.770000000000000000e+03 9.730901917270010637e-01
7.780000000000000000e+03 9.732672072964293486e-01
7.790000000000000000e+03 9.731814556979696551e-01
7.800000000000000000e+03 9.732767371934222256e-01
7.810000000000000000e+03 9.733725437187575880e-01
7.820000000000000000e+03 9.735241177116554789e-01
7.830000000000000000e+03 9.736666264129721915e-01
7.840000000000000000e+03 9.737550122064096980e-01
7.850000000000000000e+03 9.746485563934605967e-01
7.860000000000000000e+03 9.748279671344245445e-01
7.870000000000000000e+03 9.701111196988491114e-01
7.880000000000000000e+03 9.711928580145522405e-01
7.890000000000000000e+03 9.665576583553534551e-01
7.900000000000000000e+03 9.638108893748353889e-01
7.910000000000000000e+03 9.652231903954878733e-01
7.920000000000000000e+03 9.700439446830925183e-01
7.930000000000000000e+03 9.669117779881547525e-01
7.940000000000000000e+03 9.767001134823727337e-01
7.950000000000000000e+03 9.740162211143381654e-01
7.960000000000000000e+03 9.599321298216845211e-01
7.970000000000000000e+03 9.678602228640970084e-01
7.980000000000000000e+03 9.700809865643104102e-01
7.990000000000000000e+03 9.720313729496506960e-01
8.000000000000000000e+03 9.697807630192282202e-01
8.010000000000000000e+03 9.624933800938766382e-01
8.020000000000000000e+03 9.701085301433641783e-01
8.030000000000000000e+03 9.664730816248140455e-01
8.040000000000000000e+03 9.694676000278255046e-01
8.050000000000000000e+03 9.693518284004212227e-01
8.060000000000000000e+03 9.738745905083522336e-01
8.070000000000000000e+03 9.726483228495772515e-01
8.080000000000000000e+03 9.733567339998836498e-01
8.090000000000000000e+03 9.708925892512829670e-01
8.100000000000000000e+03 9.656840790842884381e-01
8.110000000000000000e+03 9.627136851822664099e-01
8.120000000000000000e+03 9.547756215175545735e-01
8.130000000000000000e+03 9.439049838345895393e-01
8.140000000000000000e+03 9.140445711109291826e-01
8.150000000000000000e+03 8.914339071207134646e-01
8.160000000000000000e+03 8.892636389498352889e-01
8.170000000000000000e+03 8.627594402417059216e-01
8.180000000000000000e+03 8.630431643005189724e-01
8.190000000000000000e+03 9.011127697663531277e-01
8.200000000000000000e+03 9.040990876735147674e-01
8.210000000000000000e+03 9.483817010806363523e-01
8.220000000000000000e+03 9.389180409474210398e-01
8.230000000000000000e+03 8.129365075787301498e-01
8.240000000000000000e+03 8.980611183865901959e-01
8.250000000000000000e+03 9.594792371412014242e-01
8.260000000000000000e+03 9.249384100658566421e-01
8.270000000000000000e+03 9.431578258430842743e-01
8.280000000000000000e+03 9.020214344456508604e-01
8.290000000000000000e+03 9.201468440819543515e-01
8.300000000000000000e+03 9.288725444491324756e-01
8.310000000000000000e+03 9.386932651314221498e-01
8.320000000000000000e+03 9.078319203169289420e-01
8.330000000000000000e+03 9.562551293175022282e-01
8.340000000000000000e+03 9.525845211782011379e-01
8.350000000000000000e+03 9.553638875978076594e-01
8.360000000000000000e+03 9.579622906123048676e-01
8.370000000000000000e+03 9.605584580525146077e-01
8.380000000000000000e+03 9.649966826721415591e-01
8.390000000000000000e+03 9.722414579936966561e-01
8.400000000000000000e+03 9.698682667330654761e-01
8.410000000000000000e+03 9.682411576419208687e-01
8.420000000000000000e+03 9.734074249275069812e-01
8.430000000000000000e+03 9.738885435509844202e-01
8.440000000000000000e+03 9.712877957095663595e-01
8.450000000000000000e+03 9.756127490676487213e-01
8.460000000000000000e+03 9.758792612270507094e-01
8.470000000000000000e+03 9.756317472964265436e-01
8.480000000000000000e+03 9.750841703344387268e-01
8.490000000000000000e+03 9.752032828808774312e-01
8.500000000000000000e+03 9.731119407284524181e-01
8.510000000000000000e+03 9.730038799983202757e-01
8.520000000000000000e+03 9.746582954185101233e-01
8.530000000000000000e+03 9.771082555819701199e-01
8.540000000000000000e+03 9.745917977938780563e-01
8.550000000000000000e+03 9.728771529493073222e-01
8.560000000000000000e+03 9.766823553102218503e-01
8.570000000000000000e+03 9.772738412727149937e-01
8.580000000000000000e+03 9.774827474334972788e-01
8.590000000000000000e+03 9.778853978749658671e-01
8.600000000000000000e+03 9.780578256221779121e-01
8.610000000000000000e+03 9.775507345294718320e-01
8.620000000000000000e+03 9.781506338983568805e-01
8.630000000000000000e+03 9.785833576655800226e-01
8.640000000000000000e+03 9.786594448099247279e-01
8.650000000000000000e+03 9.787358496163885979e-01
8.660000000000000000e+03 9.746283755542057836e-01
8.670000000000000000e+03 9.770606636244801857e-01
8.680000000000000000e+03 9.781131445959603266e-01
8.690000000000000000e+03 9.768083470689641334e-01
8.700000000000000000e+03 9.793395121425731986e-01
8.710000000000000000e+03 9.791781626555396967e-01
8.720000000000000000e+03 9.792825724571967427e-01
8.730000000000000000e+03 9.794351203959009711e-01
8.740000000000000000e+03 9.786779755146565174e-01
8.750000000000000000e+03 9.792934076985423397e-01
8.760000000000000000e+03 9.787816561129616399e-01
8.770000000000000000e+03 9.794675549475669873e-01
8.780000000000000000e+03 9.794336126239548967e-01
8.790000000000000000e+03 9.789579955404612566e-01
8.800000000000000000e+03 9.791258833826700370e-01
8.810000000000000000e+03 9.762422660937085661e-01
8.820000000000000000e+03 9.784653098447012587e-01
8.830000000000000000e+03 9.779299753766704795e-01
8.840000000000000000e+03 9.788210214057160297e-01
8.850000000000000000e+03 9.792415144428986418e-01
8.860000000000000000e+03 9.772666513874761485e-01
8.870000000000000000e+03 9.773589724185554051e-01
8.880000000000000000e+03 9.750597646178489342e-01
8.890000000000000000e+03 9.800470853791400927e-01
8.900000000000000000e+03 9.778500730233836702e-01
8.910000000000000000e+03 9.770778429948961952e-01
8.920000000000000000e+03 9.761573653769197723e-01
8.930000000000000000e+03 9.641008665264770849e-01
8.940000000000000000e+03 9.586906008808535606e-01
8.950000000000000000e+03 9.306796952233998832e-01
8.960000000000000000e+03 8.932273345771302164e-01
8.970000000000000000e+03 8.683813375733708817e-01
8.980000000000000000e+03 8.740087795778724855e-01
8.990000000000000000e+03 8.286017546343020790e-01
9.000000000000000000e+03 8.619197855521327778e-01
9.010000000000000000e+03 8.156402440511250074e-01
9.020000000000000000e+03 8.578219615901252482e-01
9.030000000000000000e+03 9.054596794249341052e-01
9.040000000000000000e+03 9.424095670351526621e-01
9.050000000000000000e+03 9.387274520672659328e-01
9.060000000000000000e+03 9.197486744690873683e-01
9.070000000000000000e+03 8.760181690801623899e-01
9.080000000000000000e+03 8.557790333413038963e-01
9.090000000000000000e+03 8.763298773466172698e-01
9.100000000000000000e+03 8.482892020021826074e-01
9.110000000000000000e+03 8.795112853472552006e-01
9.120000000000000000e+03 8.843208719276909324e-01
9.130000000000000000e+03 8.832813138913492290e-01
9.140000000000000000e+03 8.357774508679269854e-01
9.150000000000000000e+03 8.852490264940376941e-01
9.160000000000000000e+03 8.448045682756561980e-01
9.170000000000000000e+03 8.723436601037541926e-01
9.180000000000000000e+03 8.569613769681249105e-01
9.190000000000000000e+03 9.044138755710864341e-01
9.200000000000000000e+03 9.448181497697880626e-01
9.210000000000000000e+03 9.407703148729374965e-01
9.220000000000000000e+03 9.267978414157542755e-01
9.230000000000000000e+03 9.415206263585785829e-01
9.240000000000000000e+03 9.279869469572998852e-01
9.250000000000000000e+03 9.198683568506181851e-01
9.260000000000000000e+03 9.265142492440756605e-01
9.270000000000000000e+03 9.409191605947468950e-01
9.280000000000000000e+03 8.715626555422733013e-01
9.290000000000000000e+03 8.370656423524569512e-01
9.300000000000000000e+03 7.388176640186222555e-01
9.310000000000000000e+03 7.098044090357972236e-01
9.320000000000000000e+03 6.214695074555901533e-01
9.330000000000000000e+03 5.542161039078108420e-01
9.340000000000000000e+03 4.966261654676407122e-01
9.350000000000000000e+03 5.140310596803771004e-01
9.360000000000000000e+03 4.535636762047809967e-01
9.370000000000000000e+03 5.183909121639875828e-01
9.380000000000000000e+03 5.444590251278729198e-01
9.390000000000000000e+03 7.186595296992511761e-01
9.400000000000000000e+03 7.778241923632747135e-01
9.410000000000000000e+03 7.096352381478873150e-01
9.420000000000000000e+03 7.506406832983271160e-01
9.430000000000000000e+03 5.594314112825858887e-01
9.440000000000000000e+03 6.454855463752923184e-01
9.450000000000000000e+03 6.751832851434323990e-01
9.460000000000000000e+03 5.355276870635929942e-01
9.470000000000000000e+03 7.128407641390686056e-01
9.480000000000000000e+03 5.987705329590982117e-01
9.490000000000000000e+03 8.146095807587711013e-01
9.500000000000000000e+03 4.538188221463568262e-01
9.510000000000000000e+03 8.429118660475773961e-01
9.520000000000000000e+03 5.994698033372076740e-01
9.530000000000000000e+03 7.090724404162627170e-01
9.540000000000000000e+03 7.507858659850463745e-01
9.550000000000000000e+03 6.823649710535915069e-01
9.560000000000000000e+03 6.825175702848788051e-01
9.570000000000000000e+03 7.096401807192432853e-01
9.580000000000000000e+03 7.570500571970419923e-01
9.590000000000000000e+03 6.784507767124289268e-01
9.600000000000000000e+03 7.340327702793673081e-01
9.610000000000000000e+03 7.890845433008193410e-01
9.620000000000000000e+03 7.546724997136503577e-01
9.630000000000000000e+03 8.023381986870515847e-01
9.640000000000000000e+03 8.063231982861425173e-01
9.650000000000000000e+03 8.071741154831648668e-01
9.660000000000000000e+03 8.414700032572351995e-01
9.670000000000000000e+03 8.475705296194454563e-01
9.680000000000000000e+03 9.187311902844829126e-01
9.690000000000000000e+03 9.116266786063934591e-01
9.700000000000000000e+03 9.372114785958058913e-01
9.710000000000000000e+03 9.307127932199703579e-01
9.720000000000000000e+03 9.352539127374104311e-01
9.730000000000000000e+03 9.058207226358502284e-01
9.740000000000000000e+03 8.820491287830002358e-01
9.750000000000000000e+03 8.723317113315394167e-01
9.760000000000000000e+03 8.706502519901093695e-01
9.770000000000000000e+03 9.211344839090146452e-01
9.780000000000000000e+03 9.231102371003723217e-01
9.790000000000000000e+03 9.094182297540318594e-01
9.800000000000000000e+03 9.145193642755689023e-01
9.810000000000000000e+03 9.363798206771745125e-01
9.820000000000000000e+03 9.509964092523526258e-01
9.830000000000000000e+03 9.489871569715849775e-01
9.840000000000000000e+03 9.608960983335036454e-01
9.850000000000000000e+03 9.515082374888573780e-01
9.860000000000000000e+03 9.792849289935343648e-01
9.870000000000000000e+03 9.711116544330791189e-01
9.880000000000000000e+03 9.766141412578090986e-01
9.890000000000000000e+03 9.801688187317496581e-01
9.900000000000000000e+03 9.783826080951438797e-01
9.910000000000000000e+03 9.793232943578782379e-01
9.920000000000000000e+03 9.799302175884155863e-01
9.930000000000000000e+03 9.795729181923931161e-01
9.940000000000000000e+03 9.835712808984973243e-01
9.950000000000000000e+03 9.837967083481362618e-01
9.960000000000000000e+03 9.842424120308611579e-01
9.970000000000000000e+03 9.840610913359880696e-01
9.980000000000000000e+03 9.837518165304298678e-01
9.990000000000000000e+03 9.835742740716262311e-01
1.000000000000000000e+04 9.838481760072982363e-01
1.001000000000000000e+04 9.819529475155502896e-01
1.002000000000000000e+04 9.805742024267067869e-01
1.003000000000000000e+04 9.830430986817272343e-01
1.004000000000000000e+04 9.826270058614032799e-01
1.005000000000000000e+04 9.839566046539200972e-01
1.006000000000000000e+04 9.840174564504373667e-01
1.007000000000000000e+04 9.844940222488647308e-01
1.008000000000000000e+04 9.829791572636159547e-01
1.009000000000000000e+04 9.812488860836124926e-01
1.010000000000000000e+04 9.817946560826307234e-01
1.011000000000000000e+04 9.841247698086864615e-01
1.012000000000000000e+04 9.837189615979368140e-01
1.013000000000000000e+04 9.849810709252548868e-01
1.014000000000000000e+04 9.846387608839736183e-01
1.015000000000000000e+04 9.845307703179400072e-01
1.016000000000000000e+04 9.848126139176016647e-01
1.017000000000000000e+04 9.850615095227724938e-01
1.018000000000000000e+04 9.845696831502322999e-01
1.019000000000000000e+04 9.830386473166361494e-01
