1597.495 0.623414
1602.495 1.393946
1607.495 2.155804
1612.495 2.8950355
1617.495 3.6731858
1622.495 4.621843
1627.495 5.747907
1632.495 6.932053
1637.495 8.089507
1642.495 9.179052
1647.495 10.23652
1652.495 11.365573
1657.495 12.498675
1662.495 13.40437
1667.495 14.092844
1672.495 14.813068
1677.495 15.585645
1682.495 16.20133
1687.495 16.656324
1692.495 17.15291
1697.495 17.681036
1702.495 18.016973
1707.495 18.112669
1712.495 18.106607
1717.495 18.174532
1722.495 18.512283
1727.495 19.107977
1732.495 19.745163
1737.495 20.300444
1742.495 20.754745
1747.495 21.147118
1752.495 21.565205
1757.495 21.98332
1762.495 22.266085
1767.495 22.41264
1772.495 22.557474
1777.495 22.744524
1782.495 22.92308
1787.495 23.082767
1792.495 23.256433
1797.495 23.447811
1802.495 23.630367
1807.495 23.793608
1812.495 23.944666
1817.495 24.096247
1822.495 24.265047
1827.495 24.448778
1832.495 24.6262
1837.495 24.780037
1842.495 24.899935
1847.495 25.02438
1852.495 25.23584
1857.495 25.511896
1862.495 25.728645
1867.495 25.884007
1872.495 26.096231
1877.495 26.347591
1882.495 26.48617
1887.495 26.52055
1892.495 26.617678
1897.495 26.75939
1902.495 26.743874
1907.495 26.561234
1912.495 26.396015
1917.495 26.306684
1922.495 26.218895
1927.495 26.097229
1932.495 25.951166
1937.495 25.794369
1942.495 25.642685
1947.495 25.511206
1952.495 25.41312
1957.495 25.336922
1962.495 25.247953
1967.495 25.145
1972.495 25.05977
1977.495 24.988228
1982.495 24.891108
1987.495 24.773163
1992.495 24.681705
1997.495 24.59547
2002.495 24.42623
2007.495 24.16593
2012.495 23.887943
2017.495 23.627659
2022.495 23.3786
2027.495 23.127508
2032.495 22.857092
2037.495 22.5725
2042.495 22.300392
2047.495 22.043106
2052.495 21.778252
2057.495 21.496517
2062.495 21.202837
2067.495 20.90447
2072.495 20.609993
2077.495 20.320053
2082.496 20.027273
2087.495 19.724062
2092.495 19.404358
2097.496 19.095015
2102.496 18.852951
2107.495 18.67223
2112.495 18.484865
2117.496 18.271557
2122.496 18.06323
2127.496 17.863485
2132.495 17.647558
2137.495 17.416605
2142.496 17.197908
2147.496 16.99394
2152.496 16.782084
2157.495 16.559351
2162.495 16.342695
2167.495 16.13128
2172.496 15.906638
2177.496 15.672875
2182.496 15.456493
2187.495 15.262138
2192.495 15.071138
2197.495 14.852651
2202.496 14.566727
2207.495 14.220445
2212.495 13.867094
2217.495 13.531706
2222.496 13.208931
2227.495 12.88909
2232.495 12.560753
2237.495 12.242064
2242.496 11.978763
2247.496 11.770129
2252.495 11.569021
2257.496 11.356459
2262.496 11.143416
2267.495 10.936328
2272.495 10.735596
2277.496 10.538193
2282.495 10.338208
2287.495 10.136941
2292.496 9.942702
2297.496 9.75706
2302.495 9.574682
2307.495 9.393932
2312.496 9.216991
2317.496 9.0426035
2322.496 8.86627
2327.495 8.692064
2332.496 8.5323305
2337.496 8.388252
2342.496 8.249778
2347.496 8.113265
2352.496 7.9818187
2357.495 7.854744
2362.496 7.727475
2367.496 7.599732
2372.496 7.4755106
2377.496 7.3543897
2382.496 7.2316446
2387.496 7.108834
2392.496 6.993628
2397.496 6.8853855
2402.495 6.775187
2407.496 6.66108
2412.496 6.548306
2417.496 6.438636
2422.496 6.330183
2427.496 6.22372
2432.496 6.1224957
2437.496 6.021245
2442.496 5.9066615
2447.496 5.778688
2452.496 5.650526
2457.496 5.5280666
2462.496 5.409302
2467.496 5.2925773
2472.496 5.1769667
2477.496 5.0628695
2482.496 4.9520035
2487.496 4.847038
2492.496 4.7512827
2497.496 4.6621614
2502.496 4.5714283
2507.496 4.47675
2512.496 4.381909
2517.496 4.2899632
2522.495 4.2027946
2527.496 4.118287
2532.496 4.0307493
2537.496 3.9433818
2542.496 3.867939
2547.496 3.8048384
2552.496 3.7431111
2557.496 3.6793745
2562.496 3.6181607
2567.496 3.5603867
2572.496 3.503134
2577.496 3.4461105
2582.496 3.3916454
2587.496 3.3381426
2592.496 3.2804983
2597.496 3.2257538
2602.496 3.1924405
2607.496 3.1802232
2612.496 3.1699069
2617.496 3.1539376
2622.496 3.1371055
2627.496 3.1214936
2632.496 3.105974
2637.496 3.0901372
2642.496 3.074415
2647.496 3.0587182
2652.496 3.0424328
2657.496 3.0255835
2662.496 3.0088267
2667.496 2.9921577
2672.496 2.9749088
2677.496 2.9570706
2682.496 2.9392915
2687.495 2.9216187
2692.496 2.903485
2697.496 2.884721
2702.496 2.865578
2707.496 2.8463173
2712.496 2.8271708
2717.496 2.8080096
2722.496 2.7883558
2727.496 2.7681034
2732.496 2.7475302
2737.496 2.726818
2742.496 2.7060204
2747.496 2.6848898
2752.496 2.6629071
2757.496 2.6401446
2762.496 2.6172616
2767.496 2.594587
2772.496 2.5720823
2777.496 2.5494666
2782.496 2.5262444
2787.496 2.5021024
2792.496 2.4769473
2797.496 2.4511952
2802.496 2.4257286
2807.496 2.400669
2812.496 2.375369
2817.496 2.3492882
2822.496 2.3220525
2827.496 2.2938552
2832.496 2.2654395
2837.496 2.2373095
2842.496 2.2096877
2847.496 2.1822002
2852.496 2.1539264
2857.496 2.1247478
2862.496 2.095367
2867.496 2.0662572
2872.496 2.0376067
2877.496 2.0091121
2882.496 1.9800256
2887.496 1.950345
2892.496 1.9208187
2897.496 1.8917531
2902.496 1.8629632
2907.496 1.8339733
2912.496 1.8040862
2917.496 1.7737932
2922.496 1.7447132
2927.496 1.7168353
2932.496 1.6885176
2937.496 1.6593212
2942.496 1.6300685
2947.496 1.6014203
2952.496 1.5737822
2957.496 1.5468081
2962.496 1.5194347
2967.496 1.4912877
2972.496 1.4627274
2977.496 1.4344912
2982.496 1.4076115
2987.496 1.3821046
2992.496 1.3569782
2997.496 1.3318099
3002.496 1.3067957
3007.496 1.2821262
3012.496 1.2579539
3017.496 1.2343024
3022.496 1.2110771
3027.496 1.1883616
3032.496 1.1664025
3037.496 1.1448379
3042.496 1.1227442
3047.496 1.1003706
3052.496 1.0791123
3057.496 1.0590624
3062.496 1.0390043
3067.496 1.0186911
3072.496 0.99887544
3077.496 0.979712
3082.496 0.9607352
3087.496 0.9419372
3092.496 0.92377764
3097.496 0.90612555
3102.496 0.8882788
3107.496 0.8703953
3112.496 0.8534696
3117.496 0.8373691
3122.496 0.82085246
3127.496 0.8039222
3132.495 0.7878195
3137.496 0.7726734
3142.496 0.7574795
3147.496 0.7420953
3152.496 0.7272603
3157.496 0.71304655
3162.496 0.6988404
3167.496 0.68449646
3172.496 0.67035866
3177.495 0.6565677
3182.496 0.64303744
3187.496 0.62972486
3192.496 0.61663723
3197.496 0.603811
3202.496 0.5913036
3207.496 0.5790124
3212.496 0.56668544
3217.496 0.5543256
3222.496 0.5421902
3227.496 0.53036964
3232.496 0.5187846
3237.496 0.5074343
3242.496 0.496398
3247.496 0.48558584
3252.496 0.47474545
3257.496 0.4638679
3262.496 0.45318955
3267.496 0.4428366
3272.495 0.43280938
3277.496 0.4229805
3282.496 0.41311505
3287.496 0.40322146
3292.496 0.3935502
3297.496 0.3841936
3302.496 0.3750787
3307.496 0.3661965
3312.496 0.35760444
3317.496 0.34924617
3322.495 0.34094796
3327.496 0.33257765
3332.495 0.32406032
3337.496 0.3156141
3342.496 0.3077265
3347.496 0.30039695
3352.496 0.2931366
3357.496 0.2857301
3362.496 0.2782581
3367.496 0.27084386
3372.496 0.26363796
3377.496 0.2567318
3382.496 0.25015306
3387.496 0.24377866
3392.496 0.23735099
3397.496 0.2308999
3402.496 0.22473544
3407.496 0.21886073
3412.496 0.21297172
3417.495 0.20702486
3422.496 0.20125045
3427.496 0.19581614
3432.496 0.19080107
3437.496 0.18594691
3442.496 0.1806919
3447.496 0.17516164
3452.496 0.17015316
3457.496 0.16579202
3462.496 0.16151637
3467.495 0.15706825
3472.496 0.152526
3477.496 0.14805822
3482.496 0.14389582
3487.496 0.13999383
3492.496 0.13604273
3497.496 0.13205387
3502.496 0.12835668
3507.496 0.124950804
3512.496 0.1215053
3517.496 0.118011504
3522.495 0.11478439
3527.496 0.11186013
3532.496 0.10898711
3537.496 0.10602935
3542.496 0.10298517
3547.496 0.09999246
3552.496 0.0973096
3557.496 0.09489076
3562.495 0.0923976
3567.495 0.089875005
3572.496 0.087741025
3577.496 0.085860334
3582.496 0.08356293
3587.496 0.08097505
3592.496 0.07900309
3597.496 0.077646986
3602.496 0.076000385
3607.495 0.07393693
3612.495 0.07212724
3617.496 0.07070596
3622.496 0.06925367
3627.496 0.06772763
3632.496 0.0664725
3637.496 0.065524474
3642.496 0.064602315
3647.496 0.06360387
3652.496 0.06261625
3657.495 0.061642084
3662.496 0.060598623
3667.495 0.05957784
3672.496 0.058838632
3677.496 0.058380537
3682.496 0.05794382
3687.496 0.057438433
3692.496 0.056951083
3697.496 0.056472715
3702.496 0.055900816
3707.495 0.055361595
3712.495 0.05519404
3717.496 0.055271834
3722.496 0.05501959
3727.496 0.054446496
3732.496 0.054144032
3737.496 0.05420174
3742.496 0.054200254
3747.496 0.054141954
3752.495 0.054450314
3757.495 0.055026386
3762.495 0.05525793
3767.495 0.055168886
3772.495 0.055413388
3777.495 0.055994634
3782.496 0.056264076
3787.496 0.056185007
3792.496 0.056341726
3797.496 0.05687786
3802.495 0.05747601
3807.495 0.057967916
3812.495 0.058361247
3817.496 0.05881548
3822.496 0.059617404
3827.496 0.06066715
3832.496 0.061487697
3837.496 0.061949372
3842.495 0.062286854
3847.495 0.062748924
3852.495 0.06356725
3857.495 0.0646157
3862.495 0.06542651
3867.495 0.0658856
3872.496 0.06624572
3877.496 0.06671947
3882.496 0.06745701
3887.496 0.068461515
3892.496 0.06958828
3897.495 0.07061216
3902.495 0.0712525
3907.495 0.07166796
3912.495 0.072432145
3917.495 0.07350557
3922.495 0.07424547
3927.496 0.074651204
3932.496 0.075364426
3937.496 0.07642717
3942.495 0.077271365
3947.495 0.077729546
3952.495 0.07806099
3957.495 0.078524224
3962.495 0.07934304
3967.495 0.080390535
3972.496 0.08120541
3977.496 0.081667066
3982.496 0.082010336
3987.495 0.08247478
3992.495 0.08327566
3997.495 0.08431475
4002.495 0.085189596
4007.495 0.08568364
4012.495 0.08578958
4017.496 0.08573232
4022.496 0.085943505
4027.496 0.08647964
4032.496 0.08702337
4037.496 0.08749352
4042.495 0.08805
4047.495 0.08859127
4052.495 0.08876411
4057.495 0.088686384
4062.496 0.08893298
4067.496 0.08950374
4072.496 0.08982352
4077.496 0.08977507
4082.495 0.08971295
4087.495 0.08973654
4092.495 0.089680694
4097.495 0.089634754
4102.495 0.0899357
4107.495 0.090496406
4112.495 0.090812095
4117.495 0.09077206
4122.495 0.090671964
4127.496 0.090671964
4132.496 0.09077206
4137.495 0.090812095
4142.495 0.09049639
4147.495 0.08993567
4152.495 0.08963482
4157.496 0.08968081
4162.496 0.0897363
4167.496 0.08971249
4172.496 0.08977601
4177.495 0.0898252
4182.495 0.08950028
4187.495 0.0889267
4192.495 0.088699326
4197.495 0.088787556
4202.496 0.08854297
4207.496 0.08796251
4212.496 0.08768923
4217.496 0.08776598
4222.496 0.0876247
4227.496 0.087097034
4232.495 0.08644108
4237.495 0.08591752
4242.495 0.08575556
4247.495 0.085819915
4252.495 0.08562927
4257.495 0.08509425
4262.496 0.08452438
4267.496 0.08404263
4272.495 0.083570264
4277.495 0.08307423
4282.495 0.08257569
4287.495 0.0820835
4292.495 0.081591986
4297.495 0.081098765
4302.495 0.08060537
4307.495 0.08011243
4312.496 0.079619534
4317.495 0.07912652
4322.495 0.07863348
4327.495 0.0781405
4332.495 0.0776475
4337.495 0.0771545
4342.495 0.0766615
4347.495 0.0761685
4352.495 0.0756755
4357.495 0.075182505
4362.495 0.07468949
4367.495 0.074196465
4372.495 0.07370351
4377.495 0.07321053
4382.495 0.07271743
4387.495 0.07222436
4392.495 0.071731776
4397.495 0.071238995
4402.496 0.07074448
4407.495 0.07025066
4412.495 0.0697633
4417.495 0.069273375
4422.495 0.068759374
4427.495 0.06825485
4432.495 0.06784035
4437.495 0.067390256
4442.495 0.066588834
4447.495 0.065535165
4452.495 0.06473374
4457.495 0.06428365
4462.496 0.06386915
4467.495 0.06336468
4472.495 0.062850624
4477.495 0.062360708
4482.495 0.061873343
4487.495 0.06137952
4492.495 0.060885005
4497.495 0.060392223
4502.495 0.059899636
4507.495 0.059406582
4512.495 0.058913454
4517.495 0.058420487
4522.495 0.05792751
4527.495 0.057434514
4532.495 0.05694148
4537.495 0.056448463
4542.495 0.055955574
4547.495 0.055462632
4552.495 0.054969218
4557.495 0.05447598
4562.495 0.053984515
4567.495 0.05349234
4572.495 0.052993704
4577.495 0.05249762
4582.495 0.05202567
4587.495 0.051544167
4592.495 0.050972626
4597.495 0.05043671
4602.495 0.05025224
4607.495 0.05031997
4612.495 0.050134998
4617.495 0.049598865
4622.495 0.049028862
4627.495 0.048548188
4632.495 0.048070565
4637.495 0.047571387
4642.495 0.047093894
4647.495 0.046613272
4652.495 0.046042863
4657.495 0.04550654
4662.495 0.04532303
4667.495 0.045391567
4672.495 0.045201574
4677.495 0.044662632
4682.495 0.04411173
4687.495 0.043641504
4692.495 0.04309252
4697.495 0.042554345
4702.495 0.0423586
4707.495 0.042424075
4712.495 0.04226166
4717.495 0.041736804
4722.495 0.04108785
4727.495 0.040564314
4732.495 0.040395357
4737.495 0.04045691
4742.495 0.04028729
4747.495 0.039763466
4752.495 0.039116476
4757.495 0.038592655
4762.495 0.03842319
4767.495 0.038484823
4772.495 0.03831532
4777.495 0.037791483
4782.495 0.037144564
4787.495 0.036620833
4792.495 0.036450822
4797.495 0.036512155
4802.495 0.036344692
4807.495 0.035822008
4812.495 0.03516738
4817.495 0.03463944
4822.495 0.03449817
4827.495 0.0345752
4832.495 0.034300502
4837.495 0.033719193
4842.495 0.033480253
4847.495 0.03357158
4852.495 0.03332306
4857.495 0.03273792
4862.495 0.03249196
4867.495 0.032584317
4872.495 0.032337673
4877.495 0.031752255
4882.495 0.031505793
4887.495 0.031598225
4892.495 0.031351723
4897.495 0.03076629
4902.495 0.030519756
4907.495 0.030612165
4912.495 0.03036582
4917.495 0.029780462
4922.495 0.029533412
4927.495 0.029625552
4932.495 0.029381095
4937.495 0.028796766
4942.495 0.028542599
4947.495 0.028630838
4952.495 0.02841304
4957.495 0.027843283
4962.495 0.027489677
4967.495 0.02752359
4972.495 0.027692221
4977.495 0.02772576
4982.495 0.027374031
4987.495 0.026805403
4992.495 0.026580088
4997.495 0.026664183
5002.495 0.026438184
