1597.495 0.004922
1602.495 0.011826
1607.495 0.018685
1612.495 0.025450
1617.495 0.033023
1622.495 0.043176
1627.495 0.055788
1632.495 0.068868
1637.495 0.081724
1642.495 0.095035
1647.495 0.109312
1652.495 0.124804
1657.495 0.141073
1662.495 0.157022
1667.495 0.172127
1672.495 0.186455
1677.495 0.200058
1682.495 0.212994
1687.495 0.226332
1692.495 0.242034
1697.495 0.259163
1702.495 0.273961
1707.495 0.285326
1712.495 0.294988
1717.495 0.306031
1722.495 0.322608
1727.495 0.345203
1732.495 0.370640
1737.495 0.396919
1742.495 0.423396
1747.495 0.450035
1752.495 0.477335
1757.495 0.505555
1762.495 0.534663
1767.495 0.564041
1772.495 0.592591
1777.495 0.621394
1782.495 0.653609
1787.495 0.689693
1792.495 0.727396
1797.495 0.766456
1802.495 0.808635
1807.495 0.853765
1812.495 0.899778
1817.495 0.947226
1822.495 0.999281
1827.495 1.057306
1832.495 1.120658
1837.495 1.186734
1842.495 1.251310
1847.495 1.315872
1852.495 1.387646
1857.495 1.472725
1862.495 1.574864
1867.495 1.675761
1872.495 1.737425
1877.495 1.774063
1882.495 1.851214
1887.495 1.994584
1892.495 2.187236
1897.495 2.399078
1902.495 2.590724
1907.495 2.769968
1912.495 2.990140
1917.495 3.257729
1922.495 3.53201
1927.495 3.809501
1932.495 4.124939
1937.495 4.489607
1942.495 4.889907
1947.495 5.318248
1952.495 5.774225
1957.495 6.261938
1962.495 6.789415
1967.495 7.359221
1972.495 7.967951
1977.495 8.605083
1982.495 9.254227
1987.495 9.924846
1992.495 10.65043
1997.495 11.41486
2002.495 12.15365
2007.495 12.85374
2012.495 13.55423
2017.495 14.26303
2022.495 14.95498
2027.495 15.61134
2032.495 16.22145
2037.495 16.77657
2042.495 17.27057
2047.495 17.71924
2052.495 18.15797
2057.495 18.57008
2062.495 18.88936
2067.495 19.12900
2072.495 19.37987
2077.495 19.64369
2082.496 19.83265
2087.495 19.92656
2092.495 19.97643
2097.496 20.02338
2102.496 20.09471
2107.495 20.19725
2112.495 20.31723
2117.496 20.42393
2122.496 20.47258
2127.496 20.46594
2132.495 20.45362
2137.495 20.45533
2142.496 20.45912
2147.496 20.45893
2152.496 20.45609
2157.495 20.45514
2162.495 20.46271
2167.495 20.46669
2172.496 20.43766
2177.496 20.38179
2182.496 20.34087
2187.495 20.34009
2192.495 20.38333
2197.495 20.40140
2202.496 20.25992
2207.495 19.98369
2212.495 19.75369
2217.495 19.61539
2222.496 19.47375
2227.495 19.27320
2232.495 19.00676
2237.495 18.73793
2242.496 18.59272
2247.496 18.56162
2252.495 18.50201
2257.496 18.38836
2262.496 18.31381
2267.495 18.27669
2272.495 18.17932
2277.496 18.01625
2282.495 17.87562
2287.495 17.78091
2292.496 17.68826
2297.496 17.58467
2302.495 17.48967
2307.495 17.39398
2312.496 17.26026
2317.496 17.10090
2322.496 16.97651
2327.495 16.88459
2332.496 16.76019
2337.496 16.60079
2342.496 16.46694
2347.496 16.37124
2352.496 16.27675
2357.495 16.17341
2362.496 16.079
2367.496 15.98333
2372.496 15.84926
2377.496 15.68974
2382.496 15.56615
2387.496 15.47468
2392.496 15.34723
2397.496 15.18617
2402.495 15.06369
2407.496 14.97420
2412.496 14.83414
2417.496 14.62577
2422.496 14.39999
2427.496 14.19558
2432.496 14.03417
2437.496 13.89183
2442.496 13.70182
2447.496 13.44569
2452.496 13.15468
2457.496 12.85101
2462.496 12.54546
2467.496 12.24316
2472.496 11.9438
2477.496 11.64264
2482.496 11.33166
2487.496 11.02470
2492.496 10.75561
2497.496 10.5115
2502.496 10.23392
2507.496 9.911511
2512.496 9.581013
2517.496 9.259297
2522.495 8.941273
2527.496 8.623837
2532.496 8.307082
2537.496 7.997962
2542.496 7.709513
2547.496 7.439682
2552.496 7.171498
2557.496 6.898705
2562.496 6.626355
2567.496 6.358876
2572.496 6.099492
2577.496 5.848009
2582.496 5.601035
2587.496 5.35868
2592.496 5.124539
2597.496 4.898343
2602.496 4.676072
2607.496 4.458625
2612.496 4.251764
2617.496 4.055913
2622.496 3.866091
2627.496 3.679646
2632.496 3.496611
2637.496 3.319602
2642.496 3.153483
2647.496 2.997989
2652.496 2.847816
2657.496 2.701379
2662.496 2.561028
2667.496 2.429620
2672.496 2.310098
2677.496 2.200205
2682.496 2.092735
2687.495 1.986307
2692.496 1.885386
2697.496 1.790204
2702.496 1.696687
2707.496 1.605312
2712.496 1.521125
2717.496 1.445804
2722.496 1.37738
2727.496 1.312463
2732.496 1.24662
2737.496 1.180393
2742.496 1.119161
2747.496 1.064149
2752.496 1.012268
2757.496 0.961875
2762.496 0.912983
2767.496 0.866424
2772.496 0.823686
2777.496 0.784218
2782.496 0.745523
2787.496 0.707836
2792.496 0.674074
2797.496 0.643835
2802.496 0.613444
2807.496 0.582750
2812.496 0.555137
2817.496 0.530846
2822.496 0.506920
2827.496 0.482538
2832.496 0.459135
2837.496 0.437473
2842.496 0.417546
2847.496 0.399392
2852.496 0.383095
2857.496 0.368126
2862.496 0.353360
2867.496 0.338237
2872.496 0.322803
2877.496 0.307565
2882.496 0.293464
2887.496 0.281293
2892.496 0.271598
2897.496 0.262961
2902.496 0.252162
2907.496 0.239549
2912.496 0.228965
2917.496 0.220817
2922.496 0.212055
2927.496 0.202589
2932.496 0.195299
2937.496 0.189755
2942.496 0.182248
2947.496 0.172697
2952.496 0.164662
2957.496 0.158906
2962.496 0.153315
2967.496 0.147563
2972.496 0.143162
2977.496 0.139898
2982.496 0.135802
2987.496 0.130171
2992.496 0.123669
2997.496 0.117427
3002.496 0.112924
3007.496 0.110109
3012.496 0.107428
3017.496 0.104333
3022.496 0.101336
3027.496 0.098596
3032.496 0.095878
3037.496 0.092976
3042.496 0.089735
3047.496 0.086222
3052.496 0.082709
3057.496 0.079295
3062.496 0.075897
3067.496 0.072551
3072.496 0.069399
3077.496 0.066244
3082.496 0.062596
3087.496 0.059172
3092.496 0.057801
3097.496 0.057774
3102.496 0.055941
3107.496 0.052454
3112.496 0.050721
3117.496 0.050734
3122.496 0.049069
3127.496 0.045689
3132.495 0.043952
3137.496 0.043977
3142.496 0.042630
3147.496 0.039890
3152.496 0.038848
3157.496 0.039397
3162.496 0.038246
3167.496 0.035422
3172.496 0.034270
3177.495 0.034819
3182.496 0.033776
3187.496 0.030996
3192.496 0.029515
3197.496 0.029849
3202.496 0.029911
3207.496 0.029037
3212.496 0.028079
3217.496 0.027360
3222.496 0.026622
3227.496 0.025837
3232.496 0.025221
3237.496 0.024793
3242.496 0.024364
3247.496 0.023855
3252.496 0.023302
3257.496 0.022744
3262.496 0.022211
3267.496 0.021710
3272.495 0.021221
3277.496 0.020720
3282.496 0.020183
3287.496 0.019622
3292.496 0.019087
3297.496 0.018586
3302.496 0.018094
3307.496 0.017591
3312.496 0.017070
3317.496 0.016519
3322.495 0.015919
3327.496 0.015384
3332.495 0.015146
3337.496 0.015183
3342.496 0.015220
3347.496 0.015158
3352.496 0.015081
3357.496 0.015032
3362.496 0.015002
3367.496 0.014999
3372.496 0.015043
3377.496 0.015024
3382.496 0.014708
3387.496 0.014117
3392.496 0.013526
3397.496 0.013034
3402.496 0.012556
3407.496 0.012051
3412.496 0.011525
3417.495 0.010974
3422.496 0.010381
3427.496 0.009849
