    1600.500    6.8632e-09 
    1601.700    6.8509e-09 
    1602.800    6.6608e-09 
    1604.000    6.7824e-09 
    1605.200    6.8482e-09 
    1606.400    6.9090e-09 
    1607.600    6.9042e-09 
    1608.700    6.9617e-09 
    1609.900    6.9771e-09 
    1611.100    6.9087e-09 
    1612.300    6.9162e-09 
    1613.500    7.0152e-09 
    1614.600    6.9657e-09 
    1615.800    7.1159e-09 
    1617.000    7.0763e-09 
    1618.200    6.9647e-09 
    1619.400    6.9373e-09 
    1620.500    7.0674e-09 
    1621.700    7.1453e-09 
    1622.900    7.1012e-09 
    1624.100    6.9980e-09 
    1625.300    6.9274e-09 
    1626.400    6.9539e-09 
    1627.600    6.9313e-09 
    1628.800    6.8649e-09 
    1630.000    6.8742e-09 
    1631.200    6.8776e-09 
    1632.300    6.8113e-09 
    1633.500    6.8011e-09 
    1634.700    6.9735e-09 
    1635.900    6.9392e-09 
    1637.100    6.8050e-09 
    1638.200    7.0204e-09 
    1639.400    7.0270e-09 
    1640.600    6.8263e-09 
    1641.800    6.8547e-09 
    1643.000    6.8992e-09 
    1644.100    6.8696e-09 
    1645.300    7.0011e-09 
    1646.500    7.0569e-09 
    1647.700    6.9761e-09 
    1648.900    6.9154e-09 
    1650.000    6.8268e-09 
    1651.200    6.6311e-09 
    1652.400    6.3838e-09 
    1653.600    6.1216e-09 
    1654.800    5.5934e-09 
    1655.900    5.2454e-09 
    1657.100    5.4085e-09 
    1658.300    5.6920e-09 
    1659.500    6.0956e-09 
    1660.700    6.1619e-09 
    1661.800    6.1688e-09 
    1663.000    6.2688e-09 
    1664.200    6.8040e-09 
    1665.400    6.7390e-09 
    1666.600    6.5050e-09 
    1667.700    6.4033e-09 
    1668.900    6.3655e-09 
    1670.100    6.2171e-09 
    1671.300    6.2608e-09 
    1672.500    6.3381e-09 
    1673.600    6.2484e-09 
    1674.800    6.3895e-09 
    1676.239    6.5267e-09 
    1677.610    6.6288e-09 
    1678.981    6.5815e-09 
    1680.353    6.6524e-09 
    1681.724    6.7465e-09 
    1683.095    6.7242e-09 
    1684.466    6.6453e-09 
    1685.837    6.4856e-09 
    1687.208    6.4512e-09 
    1688.579    6.5426e-09 
    1689.950    6.5436e-09 
    1691.322    6.4761e-09 
    1692.693    6.4406e-09 
    1694.064    6.3826e-09 
    1695.435    6.3133e-09 
    1696.807    6.2577e-09 
    1698.178    6.3641e-09 
    1699.549    6.4122e-09 
    1700.920    6.3437e-09 
    1702.292    6.2699e-09 
    1703.663    6.2893e-09 
    1705.034    6.3260e-09 
    1706.406    6.2526e-09 
    1707.777    6.1655e-09 
    1709.148    6.2208e-09 
    1710.520    6.2986e-09 
    1711.891    6.3036e-09 
    1713.262    6.3076e-09 
    1714.634    6.3003e-09 
    1716.005    6.3602e-09 
    1717.377    6.2967e-09 
    1718.748    6.1404e-09 
    1720.120    5.9996e-09 
    1721.491    6.0950e-09 
    1722.863    6.1798e-09 
    1724.234    6.0417e-09 
    1725.606    5.9285e-09 
    1726.977    6.1851e-09 
    1728.349    6.3715e-09 
    1729.720    6.3542e-09 
    1731.092    6.1826e-09 
    1732.464    6.1394e-09 
    1733.835    6.1296e-09 
    1735.207    6.1884e-09 
    1736.579    6.2110e-09 
    1737.950    6.2456e-09 
    1739.322    6.3886e-09 
    1740.694    6.2800e-09 
    1742.065    6.1574e-09 
    1743.437    6.1748e-09 
    1744.809    6.1371e-09 
    1746.181    6.1273e-09 
    1747.552    6.1407e-09 
    1748.924    6.1978e-09 
    1750.296    6.2450e-09 
    1751.668    6.2483e-09 
    1753.039    6.3511e-09 
    1754.411    6.4981e-09 
    1755.783    6.5917e-09 
    1757.155    6.5118e-09 
    1758.527    6.3743e-09 
    1759.899    6.1205e-09 
    1761.271    6.0195e-09 
    1762.642    6.0458e-09 
    1764.014    5.9804e-09 
    1765.386    5.9808e-09 
    1766.758    6.0939e-09 
    1768.130    6.1448e-09 
    1769.502    6.1775e-09 
    1770.874    6.2110e-09 
    1772.246    6.2083e-09 
    1773.618    6.2544e-09 
    1774.990    6.2580e-09 
    1776.362    6.3307e-09 
    1777.734    6.4033e-09 
    1779.106    6.4562e-09 
    1780.478    6.4018e-09 
    1781.850    6.2964e-09 
    1783.223    6.2812e-09 
    1784.595    6.1685e-09 
    1785.967    6.0693e-09 
    1787.339    6.0644e-09 
    1788.711    6.2179e-09 
    1790.083    6.4330e-09 
    1791.455    6.5548e-09 
    1792.828    6.5643e-09 
    1794.200    6.5792e-09 
    1795.572    6.5829e-09 
    1796.944    6.4689e-09 
    1798.316    6.4474e-09 
    1799.689    6.5290e-09 
    1801.061    6.5862e-09 
    1802.433    6.5294e-09 
    1803.805    6.4141e-09 
    1805.178    6.3424e-09 
    1806.550    6.2111e-09 
    1807.922    6.0510e-09 
    1809.295    6.1635e-09 
    1810.667    6.3362e-09 
    1812.039    6.3796e-09 
    1813.412    6.3399e-09 
    1814.784    6.2242e-09 
    1816.156    6.1427e-09 
    1817.529    6.0855e-09 
    1818.901    6.1375e-09 
    1820.274    6.0861e-09 
    1821.646    6.1151e-09 
    1823.018    6.1528e-09 
    1824.391    6.1414e-09 
    1825.763    6.0575e-09 
    1827.136    5.9950e-09 
    1828.508    6.0055e-09 
    1829.881    5.9899e-09 
    1831.253    5.8598e-09 
    1832.626    5.8672e-09 
    1833.998    6.0059e-09 
    1835.371    6.0443e-09 
    1836.744    6.0709e-09 
    1838.116    6.0340e-09 
    1839.489    5.8874e-09 
    1840.861    5.7194e-09 
    1842.234    5.6170e-09 
    1843.606    5.7199e-09 
    1844.979    5.7440e-09 
    1846.352    5.6728e-09 
    1847.724    5.6740e-09 
    1849.097    5.8540e-09 
    1850.470    5.9312e-09 
    1851.842    5.8129e-09 
    1853.215    5.7632e-09 
    1854.588    5.7932e-09 
    1855.960    5.8753e-09 
    1857.333    5.8897e-09 
    1858.706    5.8147e-09 
    1860.079    5.7570e-09 
    1861.451    5.7963e-09 
    1862.824    5.7889e-09 
    1864.197    5.8310e-09 
    1865.570    5.8725e-09 
    1866.943    5.9426e-09 
    1868.315    5.9997e-09 
    1869.688    6.0360e-09 
    1871.061    6.0883e-09 
    1872.434    6.1124e-09 
    1873.807    6.0869e-09 
    1875.179    5.9590e-09 
    1876.552    5.8698e-09 
    1877.925    5.9026e-09 
    1879.298    6.0008e-09 
    1880.671    5.9616e-09 
    1882.044    6.0075e-09 
    1883.417    6.0717e-09 
    1884.790    6.1060e-09 
    1886.163    6.0767e-09 
    1887.536    6.0400e-09 
    1888.909    5.9748e-09 
    1890.281    5.9883e-09 
    1891.655    5.9846e-09 
    1893.027    5.9708e-09 
    1894.401    5.9330e-09 
    1895.774    5.8754e-09 
    1897.147    5.8359e-09 
    1898.520    5.7856e-09 
    1899.893    5.7822e-09 
    1901.266    5.7481e-09 
    1902.639    5.8043e-09 
    1904.012    5.8493e-09 
    1905.385    5.8137e-09 
    1906.758    5.8440e-09 
    1908.131    5.7697e-09 
    1909.504    5.6675e-09 
    1910.877    5.6412e-09 
    1912.250    5.7772e-09 
    1913.624    5.8256e-09 
    1914.997    5.7714e-09 
    1916.370    5.8113e-09 
    1917.743    5.7889e-09 
    1919.116    5.8459e-09 
    1920.489    5.9069e-09 
    1921.863    5.8780e-09 
    1923.236    5.8684e-09 
    1924.609    5.8624e-09 
    1925.982    5.6875e-09 
    1927.355    5.6819e-09 
    1928.729    5.7287e-09 
    1930.102    5.5855e-09 
    1931.475    5.4919e-09 
    1932.848    5.7134e-09 
    1934.222    5.8345e-09 
    1935.595    5.8427e-09 
    1936.968    5.8311e-09 
    1938.342    5.8867e-09 
    1939.715    5.8911e-09 
    1941.088    5.8823e-09 
    1942.462    5.9481e-09 
    1943.835    5.9569e-09 
    1945.208    5.9135e-09 
    1946.582    5.8611e-09 
    1947.955    5.8591e-09 
    1949.328    5.8253e-09 
    1950.702    5.8430e-09 
    1952.075    5.8509e-09 
    1953.448    5.8215e-09 
    1954.822    5.8185e-09 
    1956.195    5.8406e-09 
    1957.569    5.8643e-09 
    1958.942    5.8787e-09 
    1960.316    5.9102e-09 
    1961.689    5.8911e-09 
    1963.062    5.8456e-09 
    1964.436    5.8403e-09 
    1965.809    5.8462e-09 
    1967.183    5.8393e-09 
    1968.556    5.7711e-09 
    1969.930    5.7988e-09 
    1971.303    5.8203e-09 
    1972.677    5.8718e-09 
    1974.050    5.8577e-09 
    1975.424    5.7933e-09 
    1976.797    5.8061e-09 
    1978.171    5.7542e-09 
    1979.545    5.7022e-09 
    1980.918    5.7453e-09 
    1982.292    5.7789e-09 
    1983.665    5.7108e-09 
    1985.039    5.6722e-09 
    1986.412    5.6606e-09 
    1987.786    5.7266e-09 
    1989.160    5.6831e-09 
    1990.533    5.6080e-09 
    1991.907    5.6098e-09 
    1993.281    5.5671e-09 
    1994.654    5.5353e-09 
    1996.028    5.6004e-09 
    1997.401    5.6575e-09 
    1998.775    5.5764e-09 
    2000.149    5.4014e-09 
    2001.522    5.4756e-09 
    2002.896    5.5598e-09 
    2004.270    5.4931e-09 
    2005.644    5.4833e-09 
    2007.017    5.4720e-09 
    2008.391    5.4029e-09 
    2009.765    5.4981e-09 
    2011.138    5.3139e-09 
    2012.512    5.2295e-09 
    2013.886    5.3019e-09 
    2015.260    5.3581e-09 
    2016.633    5.3620e-09 
    2018.007    5.3589e-09 
    2019.381    5.3521e-09 
    2020.755    5.3438e-09 
    2022.129    5.3254e-09 
    2023.502    5.3949e-09 
    2024.876    5.4007e-09 
    2026.250    5.2929e-09 
    2027.624    5.3515e-09 
    2028.998    5.4279e-09 
    2030.371    5.4748e-09 
    2031.745    5.4637e-09 
    2033.119    5.3195e-09 
    2034.493    5.3138e-09 
    2035.867    5.3191e-09 
    2037.241    5.2850e-09 
    2038.615    5.2910e-09 
    2039.988    5.3000e-09 
    2041.362    5.2296e-09 
    2042.736    5.3455e-09 
    2044.110    5.4236e-09 
    2045.484    5.5032e-09 
    2046.858    5.5475e-09 
    2048.232    5.5115e-09 
    2049.606    5.4951e-09 
    2050.979    5.4895e-09 
    2052.354    5.4678e-09 
    2053.727    5.4055e-09 
    2055.101    5.2496e-09 
    2056.475    5.1904e-09 
    2057.849    5.2556e-09 
    2059.223    5.2764e-09 
    2060.597    5.3453e-09 
    2061.971    5.2433e-09 
    2063.345    5.1544e-09 
    2064.719    5.1938e-09 
    2066.093    5.1489e-09 
    2067.467    5.1377e-09 
    2068.841    5.2135e-09 
    2070.215    5.2731e-09 
    2071.589    5.2810e-09 
    2072.963    5.2474e-09 
    2074.337    5.2675e-09 
    2075.711    5.3423e-09 
    2077.085    5.4003e-09 
    2078.459    5.4069e-09 
    2079.833    5.3500e-09 
    2081.207    5.3342e-09 
    2082.582    5.3874e-09 
    2083.956    5.3867e-09 
    2085.330    5.3458e-09 
    2086.704    5.3798e-09 
    2088.078    5.3720e-09 
    2089.452    5.3542e-09 
    2090.826    5.3103e-09 
    2092.200    5.3305e-09 
    2093.574    5.2911e-09 
    2094.948    5.2053e-09 
    2096.322    5.2271e-09 
    2097.697    5.1981e-09 
    2099.071    5.2325e-09 
    2100.445    5.2752e-09 
    2101.819    5.2110e-09 
    2103.193    5.2219e-09 
    2104.567    5.2241e-09 
    2105.941    5.3157e-09 
    2107.315    5.2605e-09 
    2108.689    5.0780e-09 
    2110.064    5.0120e-09 
    2111.438    5.0188e-09 
    2112.812    5.0283e-09 
    2114.186    5.0283e-09 
    2115.561    5.1786e-09 
    2116.935    5.2859e-09 
    2118.309    5.2619e-09 
    2119.683    5.2356e-09 
    2121.057    5.2363e-09 
    2122.431    5.2189e-09 
    2123.806    5.1694e-09 
    2125.180    5.1037e-09 
    2126.554    5.0241e-09 
    2127.928    5.0212e-09 
    2129.302    4.9451e-09 
    2130.677    4.8217e-09 
    2132.051    4.6793e-09 
    2133.425    4.5386e-09 
    2134.800    4.3799e-09 
    2136.174    4.4711e-09 
    2137.548    4.7503e-09 
    2138.922    4.8227e-09 
    2140.297    4.8277e-09 
    2141.671    4.9304e-09 
    2143.045    5.0285e-09 
    2144.419    5.0566e-09 
    2145.794    5.0795e-09 
    2147.168    4.9993e-09 
    2148.542    4.9905e-09 
    2149.917    4.9919e-09 
    2151.291    4.9133e-09 
    2152.665    4.9383e-09 
    2154.039    5.0513e-09 
    2155.414    5.0934e-09 
    2156.788    5.1019e-09 
    2158.162    5.0643e-09 
    2159.537    4.9058e-09 
    2160.911    4.8813e-09 
    2162.285    4.8537e-09 
    2163.660    4.9111e-09 
    2165.034    4.9100e-09 
    2166.408    4.8261e-09 
    2167.783    4.7742e-09 
    2169.157    4.7206e-09 
    2170.531    4.7078e-09 
    2171.906    4.7812e-09 
    2173.280    4.8301e-09 
    2174.654    4.7258e-09 
    2176.029    4.5802e-09 
    2177.403    4.6948e-09 
    2178.778    4.8026e-09 
    2180.152    4.8535e-09 
    2181.526    4.9198e-09 
    2182.901    4.9991e-09 
    2184.275    4.8935e-09 
    2185.649    4.8009e-09 
    2187.024    4.7481e-09 
    2188.398    4.6701e-09 
    2189.772    4.7793e-09 
    2191.147    4.8776e-09 
    2192.521    4.8336e-09 
    2193.896    4.8792e-09 
    2195.270    4.9960e-09 
    2196.645    5.0175e-09 
    2198.019    5.0050e-09 
    2199.393    4.9769e-09 
    2200.768    4.9235e-09 
    2202.142    4.8450e-09 
    2203.517    4.9399e-09 
    2204.891    4.9375e-09 
    2206.265    4.7952e-09 
    2207.640    4.6455e-09 
    2209.014    4.6649e-09 
    2210.389    4.5966e-09 
    2211.763    4.4950e-09 
    2213.138    4.5687e-09 
    2214.512    4.5038e-09 
    2215.886    4.5397e-09 
    2217.261    4.5224e-09 
    2218.635    4.5896e-09 
    2220.010    4.6274e-09 
    2221.384    4.5585e-09 
    2222.759    4.6106e-09 
    2224.133    4.5037e-09 
    2225.508    4.4748e-09 
    2226.882    4.5103e-09 
    2228.257    4.4756e-09 
    2229.631    4.6369e-09 
    2231.006    4.7490e-09 
    2232.380    4.6949e-09 
    2233.755    4.7549e-09 
    2235.129    4.7388e-09 
    2236.503    4.7547e-09 
    2237.878    4.7450e-09 
    2239.252    4.6957e-09 
    2240.627    4.6711e-09 
    2242.001    4.5666e-09 
    2243.376    4.4646e-09 
    2244.750    4.4190e-09 
    2246.125    4.4182e-09 
    2247.500    4.4185e-09 
    2248.874    4.3099e-09 
    2250.248    4.2490e-09 
    2251.623    4.3285e-09 
    2252.997    4.3876e-09 
    2254.372    4.2595e-09 
    2255.746    4.1776e-09 
    2257.121    4.1818e-09 
    2258.495    4.3382e-09 
    2259.870    4.4071e-09 
    2261.244    4.3560e-09 
    2262.619    4.4847e-09 
    2263.993    4.4788e-09 
    2265.368    4.3940e-09 
    2266.742    4.3820e-09 
    2268.117    4.4124e-09 
    2269.491    4.4213e-09 
    2270.866    4.5568e-09 
    2272.240    4.6686e-09 
    2273.615    4.7153e-09 
    2274.990    4.6946e-09 
    2276.364    4.5931e-09 
    2277.739    4.5470e-09 
    2279.113    4.5748e-09 
    2280.488    4.5775e-09 
    2281.862    4.6666e-09 
    2283.237    4.6971e-09 
    2284.611    4.5972e-09 
    2285.986    4.6360e-09 
    2287.360    4.5736e-09 
    2288.735    4.6329e-09 
    2290.109    4.7478e-09 
    2291.484    4.7363e-09 
    2292.858    4.6212e-09 
    2294.233    4.4957e-09 
    2295.607    4.4853e-09 
    2296.982    4.3281e-09 
    2298.356    4.0896e-09 
    2299.731    4.1748e-09 
    2301.105    4.3185e-09 
    2302.480    4.4157e-09 
    2303.855    4.3713e-09 
    2305.229    4.3906e-09 
    2306.604    4.4564e-09 
    2307.978    4.4458e-09 
    2309.353    4.4701e-09 
    2310.727    4.5338e-09 
    2312.102    4.3239e-09 
    2313.476    4.1315e-09 
    2314.851    4.1310e-09 
    2316.226    4.2386e-09 
    2317.600    4.3228e-09 
    2318.975    4.2892e-09 
    2320.349    4.2544e-09 
    2321.724    4.3079e-09 
    2323.098    4.4006e-09 
    2324.473    4.4041e-09 
    2325.847    4.1755e-09 
    2327.222    4.0304e-09 
    2328.596    4.1272e-09 
    2329.971    4.2757e-09 
    2331.345    4.2023e-09 
    2332.720    4.1335e-09 
    2334.094    4.0988e-09 
    2335.469    4.1435e-09 
    2336.844    4.2287e-09 
    2338.218    4.1163e-09 
    2339.593    4.1327e-09 
    2340.967    4.1239e-09 
    2342.342    4.0748e-09 
    2343.716    3.9126e-09 
    2345.091    3.6904e-09 
    2346.465    3.8626e-09 
    2347.840    4.0050e-09 
    2349.214    4.0084e-09 
    2350.589    4.2212e-09 
    2351.963    4.2231e-09 
    2353.338    4.2282e-09 
    2354.712    4.1232e-09 
    2356.087    4.0646e-09 
    2357.461    4.1621e-09 
    2358.836    4.1544e-09 
    2360.210    3.8968e-09 
    2361.585    3.8644e-09 
    2362.959    4.0148e-09 
    2364.334    4.0035e-09 
    2365.708    3.9661e-09 
    2367.083    4.0064e-09 
    2368.458    4.0516e-09 
    2369.832    4.0713e-09 
    2371.207    4.0482e-09 
    2372.581    4.1413e-09 
    2373.956    4.0508e-09 
    2375.330    3.9921e-09 
    2376.705    4.0598e-09 
    2378.079    4.1226e-09 
    2379.454    3.9022e-09 
    2380.828    3.7729e-09 
    2382.203    3.5232e-09 
    2383.577    3.3446e-09 
    2384.952    3.6946e-09 
    2386.326    3.9677e-09 
    2387.701    3.9471e-09 
    2389.075    3.7222e-09 
    2390.450    3.7842e-09 
    2391.824    4.0057e-09 
    2393.199    4.1093e-09 
    2394.573    4.0233e-09 
    2395.948    3.7114e-09 
    2397.322    3.7805e-09 
    2398.697    3.9415e-09 
    2400.071    3.8488e-09 
    2401.446    3.8949e-09 
    2402.820    3.9664e-09 
    2404.195    3.8842e-09 
    2405.569    3.6946e-09 
    2406.943    3.6935e-09 
    2408.318    3.7733e-09 
    2409.692    3.8397e-09 
    2411.067    3.7181e-09 
    2412.441    3.7615e-09 
    2413.816    3.9030e-09 
    2415.190    3.9419e-09 
    2416.565    3.9659e-09 
    2417.939    3.9022e-09 
    2419.313    3.9942e-09 
    2420.688    4.1570e-09 
    2422.062    4.2380e-09 
    2423.437    4.1285e-09 
    2424.811    3.9082e-09 
    2426.186    3.9124e-09 
    2427.560    3.9926e-09 
    2428.935    3.8768e-09 
    2430.309    3.7951e-09 
    2431.684    3.9323e-09 
    2433.058    3.9277e-09 
    2434.432    3.7701e-09 
    2435.807    3.7428e-09 
    2437.181    3.7928e-09 
    2438.556    3.8104e-09 
    2439.930    3.9840e-09 
    2441.304    4.0918e-09 
    2442.679    4.2019e-09 
    2444.053    4.1934e-09 
    2445.428    4.0025e-09 
    2446.802    3.8160e-09 
    2448.177    3.8362e-09 
    2449.551    3.9481e-09 
    2450.925    3.8798e-09 
    2452.300    3.9289e-09 
    2453.674    4.0164e-09 
    2455.048    3.9511e-09 
    2456.423    4.0235e-09 
    2457.797    4.0389e-09 
    2459.171    4.0208e-09 
    2460.546    3.9598e-09 
    2461.920    3.9291e-09 
    2463.295    3.8445e-09 
    2464.669    3.8293e-09 
    2466.043    3.8233e-09 
    2467.418    3.8238e-09 
    2468.792    3.8667e-09 
    2470.166    3.8550e-09 
    2471.541    3.8246e-09 
    2472.915    3.8218e-09 
    2474.289    3.8086e-09 
    2475.664    3.9146e-09 
    2477.038    3.8932e-09 
    2478.412    3.8213e-09 
    2479.787    3.7907e-09 
    2481.161    3.8670e-09 
    2482.535    3.8784e-09 
    2483.909    3.7827e-09 
    2485.284    3.8092e-09 
    2486.658    3.9534e-09 
    2488.032    4.0299e-09 
    2489.407    3.9934e-09 
    2490.781    3.7871e-09 
    2492.155    3.6810e-09 
    2493.530    3.8004e-09 
    2494.904    3.9037e-09 
    2496.278    4.1079e-09 
    2497.652    4.0936e-09 
    2499.027    3.9791e-09 
    2500.401    4.0193e-09 
    2501.775    4.0991e-09 
    2503.149    4.0261e-09 
    2504.524    3.9469e-09 
    2505.898    3.9499e-09 
    2507.272    3.8604e-09 
    2508.646    3.8948e-09 
    2510.021    4.0018e-09 
    2511.395    3.9304e-09 
    2512.769    3.8331e-09 
    2514.143    3.9096e-09 
    2515.517    3.8976e-09 
    2516.892    3.8903e-09 
    2518.266    3.8579e-09 
    2519.640    3.8293e-09 
    2521.014    3.7484e-09 
    2522.388    3.7543e-09 
    2523.762    3.7308e-09 
    2525.137    3.6668e-09 
    2526.511    3.4543e-09 
    2527.885    3.4045e-09 
    2529.259    3.4693e-09 
    2530.633    3.4465e-09 
    2532.008    3.7061e-09 
    2533.382    3.8907e-09 
    2534.756    3.7609e-09 
    2536.130    3.6076e-09 
    2537.504    3.5294e-09 
    2538.878    3.3887e-09 
    2540.252    3.3572e-09 
    2541.626    3.5686e-09 
    2543.000    3.5725e-09 
    2544.375    3.6130e-09 
    2545.749    3.6441e-09 
    2547.123    3.5722e-09 
    2548.497    3.5765e-09 
    2549.871    3.3267e-09 
    2551.245    3.3818e-09 
    2552.619    3.7609e-09 
    2553.993    3.9920e-09 
    2555.367    3.9993e-09 
    2556.741    3.9281e-09 
    2558.115    3.8837e-09 
    2559.490    3.8759e-09 
    2560.864    3.7871e-09 
    2562.238    3.8280e-09 
    2563.612    3.6762e-09 
    2564.986    3.6973e-09 
    2566.360    3.9314e-09 
    2567.734    3.8531e-09 
    2569.107    3.9456e-09 
    2570.481    3.9865e-09 
    2571.855    3.9363e-09 
    2573.229    3.9366e-09 
    2574.604    3.9201e-09 
    2575.978    3.9266e-09 
    2577.351    3.8481e-09 
    2578.725    3.8469e-09 
    2580.099    3.9074e-09 
    2581.473    3.9653e-09 
    2582.847    3.9050e-09 
    2584.221    3.8338e-09 
    2585.595    3.8990e-09 
    2586.969    3.7218e-09 
    2588.343    3.8546e-09 
    2589.717    3.8980e-09 
    2591.091    3.9032e-09 
    2592.465    3.8386e-09 
    2593.839    3.8298e-09 
    2595.212    3.8476e-09 
    2596.586    3.9437e-09 
    2597.960    3.9299e-09 
    2599.334    3.5303e-09 
    2600.708    3.4902e-09 
    2602.082    3.9055e-09 
    2603.456    4.0202e-09 
    2604.829    3.9150e-09 
    2606.203    3.6375e-09 
    2607.577    3.4818e-09 
    2608.951    3.6278e-09 
    2610.325    3.6735e-09 
    2611.698    3.5926e-09 
    2613.072    3.5542e-09 
    2614.446    3.6448e-09 
    2615.820    3.7790e-09 
    2617.194    3.9640e-09 
    2618.567    3.8199e-09 
    2619.941    3.7880e-09 
    2621.315    3.7415e-09 
    2622.689    3.8025e-09 
    2624.062    3.8536e-09 
    2625.436    3.8111e-09 
    2626.810    3.6295e-09 
    2628.184    3.7747e-09 
    2629.557    3.7119e-09 
    2630.931    3.5888e-09 
    2632.305    3.4071e-09 
    2633.678    3.7373e-09 
    2635.052    4.0020e-09 
    2636.426    4.0541e-09 
    2637.800    4.0445e-09 
    2639.173    3.9455e-09 
    2640.547    4.0209e-09 
    2641.920    4.0448e-09 
    2643.294    4.0939e-09 
    2644.668    4.1460e-09 
    2646.042    4.1318e-09 
    2647.415    4.1337e-09 
    2648.789    4.1505e-09 
    2650.162    4.1259e-09 
    2651.536    4.0933e-09 
    2652.909    4.0615e-09 
    2654.283    4.0301e-09 
    2655.656    4.0657e-09 
    2657.030    4.0726e-09 
    2658.404    4.0263e-09 
    2659.777    3.9530e-09 
    2661.151    4.0001e-09 
    2662.524    3.9202e-09 
    2663.898    3.7990e-09 
    2665.271    3.7329e-09 
    2666.645    3.7647e-09 
    2668.018    3.7693e-09 
    2669.392    3.8773e-09 
    2670.765    3.8718e-09 
    2672.139    3.8568e-09 
    2673.512    3.7761e-09 
    2674.886    3.9199e-09 
    2676.259    3.9586e-09 
    2677.633    3.9122e-09 
    2679.006    3.8687e-09 
    2680.379    3.8785e-09 
    2681.753    3.9371e-09 
    2683.126    4.0049e-09 
    2684.500    3.9706e-09 
    2685.873    3.8688e-09 
    2687.246    3.8620e-09 
    2688.620    3.7996e-09 
    2689.993    3.7905e-09 
    2691.366    3.8072e-09 
    2692.740    3.7391e-09 
    2694.113    3.7366e-09 
    2695.487    3.8807e-09 
    2696.860    3.9154e-09 
    2698.233    3.7756e-09 
    2699.606    3.6959e-09 
    2700.980    3.8329e-09 
    2702.353    3.7881e-09 
    2703.726    3.8331e-09 
    2705.100    3.7897e-09 
    2706.473    3.7911e-09 
    2707.846    3.7485e-09 
    2709.219    3.7063e-09 
    2710.593    3.6488e-09 
    2711.966    3.6561e-09 
    2713.339    3.6866e-09 
    2714.712    3.7925e-09 
    2716.085    3.7897e-09 
    2717.458    3.7559e-09 
    2718.832    3.7166e-09 
    2720.205    3.7025e-09 
    2721.578    3.7534e-09 
    2722.951    3.7522e-09 
    2724.324    3.7224e-09 
    2725.698    3.7322e-09 
    2727.071    3.7294e-09 
    2728.444    3.6446e-09 
    2729.817    3.7726e-09 
    2731.190    3.8211e-09 
    2732.563    3.8254e-09 
    2733.936    3.8580e-09 
    2735.309    3.9062e-09 
    2736.682    3.8441e-09 
    2738.055    3.7124e-09 
    2739.428    3.6954e-09 
    2740.801    3.6047e-09 
    2742.174    3.6569e-09 
    2743.547    3.5642e-09 
    2744.920    3.5780e-09 
    2746.293    3.5639e-09 
    2747.666    3.3865e-09 
    2749.039    3.4128e-09 
    2750.412    3.2465e-09 
    2751.785    3.3970e-09 
    2753.158    3.5665e-09 
    2754.531    3.5907e-09 
    2755.904    3.5331e-09 
    2757.277    3.4892e-09 
    2758.650    3.6194e-09 
    2760.022    3.6550e-09 
    2761.395    3.6383e-09 
    2762.768    3.5710e-09 
    2764.141    3.5957e-09 
    2765.514    3.6680e-09 
    2766.887    3.6309e-09 
    2768.260    3.5796e-09 
    2769.632    3.5464e-09 
    2771.005    3.6399e-09 
    2772.378    3.7636e-09 
    2773.751    3.8086e-09 
    2775.124    3.7937e-09 
    2776.496    3.7364e-09 
    2777.869    3.6721e-09 
    2779.242    3.6132e-09 
    2780.615    3.5700e-09 
    2781.987    3.5983e-09 
    2783.360    3.6450e-09 
    2784.732    3.6327e-09 
    2786.105    3.6825e-09 
    2787.478    3.7287e-09 
    2788.851    3.7122e-09 
    2790.223    3.6744e-09 
    2791.596    3.5019e-09 
    2792.969    3.4516e-09 
    2794.341    3.2030e-09 
    2795.714    2.6231e-09 
    2797.086    2.4956e-09 
    2798.459    2.9222e-09 
    2799.831    3.2083e-09 
    2801.204    3.2954e-09 
    2802.576    2.9889e-09 
    2803.949    2.7625e-09 
    2805.322    3.2453e-09 
    2806.694    3.5742e-09 
    2808.066    3.7287e-09 
    2809.439    3.7886e-09 
    2810.812    3.7646e-09 
    2812.184    3.7181e-09 
    2813.556    3.6885e-09 
    2814.929    3.7481e-09 
    2816.301    3.8049e-09 
    2817.674    3.7680e-09 
    2819.046    3.7775e-09 
    2820.418    3.8301e-09 
    2821.791    3.8379e-09 
    2823.163    3.7559e-09 
    2824.536    3.7881e-09 
    2825.908    3.7926e-09 
    2827.280    3.7541e-09 
    2828.653    3.7136e-09 
    2830.025    3.6920e-09 
    2831.397    3.6573e-09 
    2832.770    3.6399e-09 
    2834.142    3.7019e-09 
    2835.514    3.6802e-09 
    2836.886    3.6141e-09 
    2838.259    3.6578e-09 
    2839.631    3.6224e-09 
    2841.003    3.4972e-09 
    2842.375    3.5289e-09 
    2843.747    3.5552e-09 
    2845.120    3.6132e-09 
    2846.492    3.6646e-09 
    2847.864    3.6273e-09 
    2849.236    3.5429e-09 
    2850.608    3.5183e-09 
    2851.980    3.5004e-09 
    2853.352    3.5028e-09 
    2854.725    3.6346e-09 
    2856.097    3.5597e-09 
    2857.469    3.4331e-09 
    2858.841    3.4475e-09 
    2860.213    3.5585e-09 
    2861.585    3.6374e-09 
    2862.957    3.6249e-09 
    2864.329    3.6375e-09 
    2865.701    3.5695e-09 
    2867.073    3.5252e-09 
    2868.445    3.5048e-09 
    2869.817    3.5247e-09 
    2871.189    3.5395e-09 
    2872.561    3.5706e-09 
    2873.932    3.5302e-09 
    2875.304    3.5233e-09 
    2876.676    3.4801e-09 
    2878.048    3.4913e-09 
    2879.420    3.5503e-09 
    2880.792    3.5466e-09 
    2882.164    3.5445e-09 
    2883.535    3.6384e-09 
    2884.907    3.6314e-09 
    2886.279    3.6648e-09 
    2887.651    3.6542e-09 
    2889.023    3.5847e-09 
    2890.395    3.5050e-09 
    2891.766    3.5483e-09 
    2893.138    3.5234e-09 
    2894.510    3.5371e-09 
    2895.881    3.5418e-09 
    2897.253    3.5486e-09 
    2898.625    3.5678e-09 
    2899.996    3.6379e-09 
    2901.368    3.7295e-09 
    2902.740    3.7611e-09 
    2904.111    3.7540e-09 
    2905.483    3.7794e-09 
    2906.854    3.7454e-09 
    2908.226    3.6972e-09 
    2909.598    3.6675e-09 
    2910.969    3.6677e-09 
    2912.341    3.7049e-09 
    2913.712    3.7610e-09 
    2915.084    3.7729e-09 
    2916.455    3.7324e-09 
    2917.827    3.7254e-09 
    2919.198    3.7468e-09 
    2920.570    3.7536e-09 
    2921.941    3.6912e-09 
    2923.312    3.6412e-09 
    2924.684    3.5857e-09 
    2926.055    3.6133e-09 
    2927.427    3.5643e-09 
    2928.798    3.5109e-09 
    2930.169    3.5550e-09 
    2931.541    3.6405e-09 
    2932.912    3.6177e-09 
    2934.283    3.5580e-09 
    2935.655    3.5835e-09 
    2937.026    3.5477e-09 
    2938.397    3.5766e-09 
    2939.769    3.5684e-09 
    2941.140    3.5858e-09 
    2942.511    3.6357e-09 
    2943.882    3.6665e-09 
    2945.253    3.5977e-09 
    2946.625    3.6245e-09 
    2947.996    3.5780e-09 
    2949.367    3.5346e-09 
    2950.738    3.5670e-09 
    2952.109    3.6535e-09 
    2953.480    3.6278e-09 
    2954.851    3.5696e-09 
    2956.222    3.6723e-09 
    2957.594    3.7122e-09 
    2958.965    3.7185e-09 
    2960.336    3.6842e-09 
    2961.707    3.6578e-09 
    2963.078    3.6615e-09 
    2964.449    3.6261e-09 
    2965.820    3.5155e-09 
    2967.191    3.6065e-09 
    2968.562    3.6502e-09 
    2969.932    3.6176e-09 
    2971.303    3.5386e-09 
    2972.674    3.5730e-09 
    2974.045    3.6469e-09 
    2975.416    3.6878e-09 
    2976.787    3.6532e-09 
    2978.158    3.6583e-09 
    2979.529    3.6209e-09 
    2980.899    3.5880e-09 
    2982.270    3.6251e-09 
    2983.641    3.6175e-09 
    2985.012    3.5410e-09 
    2986.383    3.4662e-09 
    2987.753    3.6013e-09 
    2989.124    3.6525e-09 
    2990.495    3.6865e-09 
    2991.865    3.7183e-09 
    2993.236    3.7097e-09 
    2994.607    3.7060e-09 
    2995.977    3.7054e-09 
    2997.348    3.7134e-09 
    2998.719    3.7015e-09 
    3000.089    3.6677e-09 
    3001.460    3.6292e-09 
    3002.830    3.5923e-09 
    3004.201    3.5966e-09 
    3005.571    3.6723e-09 
    3006.942    3.7125e-09 
    3008.312    3.7009e-09 
    3009.683    3.6955e-09 
    3011.053    3.7106e-09 
    3012.424    3.7100e-09 
    3013.794    3.7177e-09 
    3015.165    3.7167e-09 
    3016.535    3.6828e-09 
    3017.905    3.6378e-09 
    3019.276    3.6510e-09 
    3020.646    3.6143e-09 
    3022.016    3.5832e-09 
    3023.387    3.6573e-09 
    3024.757    3.6868e-09 
    3026.127    3.6562e-09 
    3027.498    3.6308e-09 
    3028.868    3.6631e-09 
    3030.238    3.6498e-09 
    3031.608    3.6227e-09 
    3032.979    3.6148e-09 
    3034.349    3.6050e-09 
    3035.719    3.6305e-09 
    3037.089    3.6330e-09 
    3038.459    3.6170e-09 
    3039.829    3.6242e-09 
    3041.199    3.6161e-09 
    3042.569    3.5865e-09 
    3043.939    3.6021e-09 
    3045.310    3.6241e-09 
    3046.679    3.6208e-09 
    3048.050    3.5871e-09 
    3049.420    3.5662e-09 
    3050.790    3.5678e-09 
    3052.159    3.5937e-09 
    3053.530    3.6180e-09 
    3054.899    3.6281e-09 
    3056.269    3.5991e-09 
    3057.639    3.5624e-09 
    3059.009    3.5305e-09 
    3060.379    3.5448e-09 
    3061.749    3.5908e-09 
    3063.119    3.5934e-09 
    3064.489    3.5874e-09 
    3067.245    3.5379e-09 
    3069.991    3.5389e-09 
    3072.737    3.4943e-09 
    3075.483    3.4781e-09 
    3078.229    3.5092e-09 
    3080.975    3.5677e-09 
    3083.721    3.5723e-09 
    3086.467    3.5387e-09 
    3089.213    3.4935e-09 
    3091.959    3.4811e-09 
    3094.705    3.4877e-09 
    3097.451    3.5101e-09 
    3100.197    3.5048e-09 
    3102.943    3.4814e-09 
    3105.689    3.4827e-09 
    3108.436    3.5230e-09 
    3111.182    3.5206e-09 
    3113.928    3.5186e-09 
    3116.674    3.4626e-09 
    3119.420    3.4264e-09 
    3122.167    3.4526e-09 
    3124.913    3.4427e-09 
    3127.659    3.4456e-09 
    3130.405    3.4382e-09 
    3133.152    3.4535e-09 
    3135.898    3.4653e-09 
    3138.645    3.5033e-09 
    3141.391    3.5072e-09 
    3144.137    3.4856e-09 
    3146.884    3.4724e-09 
    3149.630    3.4818e-09 
    3152.377    3.4782e-09 
    3155.123    3.4598e-09 
    3157.870    3.4253e-09 
    3160.616    3.3772e-09 
    3163.363    3.4019e-09 
    3166.109    3.4315e-09 
    3168.856    3.4281e-09 
    3171.603    3.4629e-09 
    3174.349    3.4524e-09 
    3177.096    3.4064e-09 
    3179.843    3.3205e-09 
    3182.589    3.3450e-09 
    3185.336    3.3935e-09 
    3188.083    3.3854e-09 
    3190.829    3.3671e-09 
    3193.576    3.3509e-09 
    3196.323    3.3589e-09 
    3199.070    3.4116e-09 
    3201.817    3.4269e-09 
    3204.563    3.4290e-09 
    3207.310    3.3985e-09 
    3210.057    3.3574e-09 
    3212.804    3.3334e-09 
    3215.551    3.3374e-09 
    3218.298    3.3463e-09 
    3221.045    3.3627e-09 
    3223.792    3.3549e-09 
    3226.539    3.3166e-09 
    3229.286    3.2877e-09 
    3232.033    3.3021e-09 
    3234.780    3.2720e-09 
    3237.527    3.2592e-09 
    3240.274    3.2956e-09 
    3243.021    3.3443e-09 
    3245.768    3.3598e-09 
    3248.515    3.3323e-09 
    3251.263    3.3100e-09 
    3254.010    3.3044e-09 
    3256.757    3.3305e-09 
    3259.504    3.3402e-09 
    3262.251    3.3494e-09 
    3264.999    3.3611e-09 
    3267.746    3.3537e-09 
    3270.493    3.3360e-09 
    3273.240    3.3242e-09 
    3275.988    3.3013e-09 
    3278.735    3.2900e-09 
    3281.483    3.3131e-09 
    3284.230    3.3271e-09 
    3286.977    3.3069e-09 
    3289.725    3.3286e-09 
    3292.472    3.3484e-09 
    3295.219    3.3436e-09 
    3297.967    3.3472e-09 
    3300.715    3.3494e-09 
    3303.462    3.3376e-09 
    3306.209    3.3283e-09 
    3308.957    3.3298e-09 
    3311.705    3.3028e-09 
    3314.452    3.3150e-09 
    3317.200    3.3198e-09 
    3319.947    3.3086e-09 
    3322.695    3.2691e-09 
    3325.442    3.2699e-09 
    3328.190    3.2725e-09 
    3330.938    3.2711e-09 
    3333.685    3.2599e-09 
    3336.433    3.2268e-09 
    3339.181    3.2215e-09 
    3341.928    3.2143e-09 
    3344.676    3.2310e-09 
    3347.424    3.2100e-09 
    3350.172    3.2006e-09 
    3352.919    3.2503e-09 
    3355.667    3.2635e-09 
    3358.415    3.2140e-09 
    3361.163    3.1996e-09 
    3363.911    3.2341e-09 
    3366.659    3.2358e-09 
    3369.406    3.2177e-09 
    3372.154    3.2148e-09 
    3374.902    3.2360e-09 
    3377.650    3.2318e-09 
    3380.398    3.1987e-09 
    3383.146    3.2013e-09 
    3385.894    3.2209e-09 
    3388.642    3.2243e-09 
    3391.390    3.2108e-09 
    3394.138    3.1987e-09 
    3396.886    3.2209e-09 
    3399.634    3.2414e-09 
    3402.382    3.2234e-09 
    3405.130    3.2195e-09 
    3407.878    3.2031e-09 
    3410.626    3.2236e-09 
    3413.374    3.2386e-09 
    3416.122    3.2297e-09 
    3418.871    3.2181e-09 
    3421.619    3.1961e-09 
    3424.367    3.2062e-09 
    3427.115    3.2278e-09 
    3429.863    3.2335e-09 
    3432.611    3.2216e-09 
    3435.360    3.2050e-09 
    3438.108    3.1985e-09 
    3440.856    3.1657e-09 
    3443.604    3.1552e-09 
    3446.353    3.1782e-09 
    3449.101    3.1963e-09 
    3451.849    3.2134e-09 
    3454.597    3.2078e-09 
    3457.346    3.1896e-09 
    3460.094    3.1617e-09 
    3462.842    3.1573e-09 
    3465.591    3.1819e-09 
    3468.339    3.1818e-09 
    3471.087    3.1799e-09 
    3473.836    3.1413e-09 
    3476.584    3.1362e-09 
    3479.333    3.1529e-09 
    3482.081    3.1528e-09 
    3484.830    3.1344e-09 
    3487.578    3.1317e-09 
    3490.326    3.1183e-09 
    3493.075    3.1221e-09 
    3495.823    3.1235e-09 
    3498.572    3.1366e-09 
    3501.321    3.1345e-09 
    3504.069    3.1240e-09 
    3506.818    3.1144e-09 
    3509.566    3.1118e-09 
    3512.315    3.1047e-09 
    3515.063    3.1112e-09 
    3517.812    3.1378e-09 
    3520.560    3.1451e-09 
    3523.309    3.1383e-09 
    3526.058    3.1352e-09 
    3528.806    3.1226e-09 
    3531.555    3.1174e-09 
    3534.303    3.1092e-09 
    3537.052    3.1176e-09 
    3539.801    3.1206e-09 
    3542.550    3.1288e-09 
    3545.298    3.1262e-09 
    3548.047    3.1330e-09 
    3550.796    3.1370e-09 
    3553.544    3.1245e-09 
    3556.293    3.1026e-09 
    3559.042    3.1040e-09 
    3561.791    3.1109e-09 
    3564.540    3.0931e-09 
    3567.288    3.0746e-09 
    3570.037    3.0648e-09 
    3572.786    3.0506e-09 
    3575.535    3.0644e-09 
    3578.283    3.0640e-09 
    3581.032    3.0564e-09 
    3583.781    3.0412e-09 
    3586.530    3.0464e-09 
    3589.279    3.0638e-09 
    3592.028    3.0648e-09 
    3594.777    3.0650e-09 
    3597.526    3.0694e-09 
    3600.274    3.0638e-09 
    3603.023    3.0510e-09 
    3605.772    3.0465e-09 
    3608.521    3.0448e-09 
    3611.270    3.0418e-09 
    3614.019    3.0394e-09 
    3616.768    3.0444e-09 
    3619.517    3.0433e-09 
    3622.266    3.0475e-09 
    3625.015    3.0435e-09 
    3627.764    3.0409e-09 
    3630.513    3.0267e-09 
    3633.262    3.0243e-09 
    3636.011    3.0376e-09 
    3638.760    3.0397e-09 
    3641.509    3.0294e-09 
    3644.258    3.0319e-09 
    3647.007    3.0332e-09 
    3649.756    3.0262e-09 
    3652.505    3.0194e-09 
    3655.254    3.0201e-09 
    3658.003    3.0251e-09 
    3660.753    3.0184e-09 
    3663.502    3.0200e-09 
    3666.251    3.0328e-09 
    3669.000    3.0193e-09 
    3671.749    3.0093e-09 
    3674.498    3.0070e-09 
    3677.247    3.0005e-09 
    3679.997    2.9910e-09 
    3682.746    2.9911e-09 
    3685.495    2.9771e-09 
    3688.244    2.9744e-09 
    3690.993    3.0065e-09 
    3693.742    3.0318e-09 
    3696.492    3.0237e-09 
    3699.241    3.0565e-09 
    3701.990    3.0712e-09 
    3704.739    2.9911e-09 
    3707.489    3.1184e-09 
    3710.238    3.0922e-09 
    3712.987    3.0147e-09 
    3715.736    3.2782e-09 
    3718.486    3.3479e-09 
    3721.235    3.0581e-09 
    3723.984    3.1042e-09 
    3726.733    3.5521e-09 
    3729.483    3.7323e-09 
    3732.232    3.3809e-09 
    3734.981    3.0306e-09 
    3737.730    3.3497e-09 
    3740.480    3.9726e-09 
    3743.229    4.2423e-09 
    3745.979    3.9230e-09 
    3748.728    3.3086e-09 
    3751.477    3.0970e-09 
    3754.227    3.6484e-09 
    3756.976    4.3460e-09 
    3759.725    4.7543e-09 
    3762.475    4.7939e-09 
    3765.224    4.4300e-09 
    3767.973    3.7445e-09 
    3770.723    3.1857e-09 
    3773.472    3.4376e-09 
    3776.221    4.2786e-09 
    3778.971    5.1385e-09 
    3781.720    5.7577e-09 
    3784.470    6.0506e-09 
    3787.219    5.9549e-09 
    3789.969    5.5116e-09 
    3792.718    4.7582e-09 
    3795.467    3.8677e-09 
    3798.217    3.2894e-09 
    3800.966    3.5987e-09 
    3803.716    4.4654e-09 
    3806.465    5.3540e-09 
    3809.215    6.1468e-09 
    3811.964    6.7250e-09 
    3814.713    7.0003e-09 
    3817.463    7.1867e-09 
    3820.212    7.0866e-09 
    3822.962    6.7511e-09 
    3825.711    6.1614e-09 
    3828.461    5.3721e-09 
    3831.210    4.4600e-09 
    3833.960    3.6100e-09 
    3836.709    3.2998e-09 
    3839.459    3.8601e-09 
    3842.208    4.8057e-09 
    3844.958    5.7590e-09 
    3847.707    6.5571e-09 
    3850.457    7.1691e-09 
    3853.206    7.6238e-09 
    3855.956    7.8827e-09 
    3858.705    8.0823e-09 
    3861.455    8.1888e-09 
    3864.204    8.2343e-09 
    3866.954    8.2064e-09 
    3869.703    8.0704e-09 
    3872.453    7.7677e-09 
    3875.203    7.3343e-09 
    3877.952    6.7360e-09 
    3880.702    5.9725e-09 
    3883.451    5.0969e-09 
    3886.201    4.1414e-09 
    3888.950    3.4349e-09 
    3891.700    3.5771e-09 
    3894.449    4.3652e-09 
    3897.199    5.2773e-09 
    3899.949    6.0945e-09 
    3902.698    6.8094e-09 
    3905.448    7.3940e-09 
    3908.197    7.8572e-09 
    3910.947    8.1754e-09 
    3913.697    8.3336e-09 
    3916.446    8.4893e-09 
    3919.196    8.6340e-09 
    3921.945    8.6978e-09 
    3924.695    8.7476e-09 
    3927.445    8.7213e-09 
    3930.194    8.5200e-09 
    3932.944    8.0595e-09 
    3935.693    7.9994e-09 
    3938.443    8.3956e-09 
    3941.192    8.5186e-09 
    3943.942    8.4245e-09 
    3946.692    8.2579e-09 
    3949.441    8.0451e-09 
    3952.191    7.7508e-09 
    3954.940    7.3413e-09 
    3957.690    6.8044e-09 
    3960.440    6.1351e-09 
    3963.189    5.3427e-09 
    3965.939    4.4476e-09 
    3968.689    3.5733e-09 
    3971.438    3.3098e-09 
    3974.188    3.8594e-09 
    3976.938    4.7406e-09 
    3979.687    5.5696e-09 
    3982.437    6.3029e-09 
    3985.186    6.8930e-09 
    3987.936    7.3389e-09 
    3990.686    7.7162e-09 
    3993.435    7.9970e-09 
    3996.185    8.1543e-09 
    3998.935    8.2952e-09 
    4001.684    8.3953e-09 
    4004.434    8.4656e-09 
    4007.183    8.5239e-09 
    4009.933    8.5790e-09 
    4012.683    8.5954e-09 
    4015.432    8.5920e-09 
    4018.182    8.6439e-09 
    4020.931    8.6376e-09 
    4023.681    8.6159e-09 
    4026.431    8.5944e-09 
    4029.180    8.5800e-09 
    4031.930    8.6004e-09 
    4034.680    8.6105e-09 
    4037.429    8.6315e-09 
    4040.179    8.5951e-09 
    4042.928    8.5338e-09 
    4045.678    8.4891e-09 
    4048.428    8.4769e-09 
    4051.177    8.4714e-09 
    4053.927    8.4313e-09 
    4056.677    8.3793e-09 
    4059.426    8.3080e-09 
    4062.176    8.2186e-09 
    4064.925    8.1817e-09 
    4067.675    8.1360e-09 
    4070.425    8.0202e-09 
    4073.174    7.9178e-09 
    4075.924    7.8079e-09 
    4078.674    7.6464e-09 
    4081.423    7.4471e-09 
    4084.173    7.1539e-09 
    4086.922    6.7582e-09 
    4089.672    6.2696e-09 
    4092.421    5.6607e-09 
    4095.171    4.9475e-09 
    4097.921    4.1284e-09 
    4100.670    3.4068e-09 
    4103.420    3.2629e-09 
    4106.169    3.8077e-09 
    4108.919    4.5392e-09 
    4111.668    5.2555e-09 
    4114.418    5.8672e-09 
    4117.168    6.3573e-09 
    4119.917    6.7518e-09 
    4122.667    7.0632e-09 
    4125.417    7.2830e-09 
    4128.166    7.4078e-09 
    4130.916    7.5362e-09 
    4133.665    7.6612e-09 
    4136.415    7.7958e-09 
    4139.165    7.8556e-09 
    4141.914    7.9084e-09 
    4144.664    7.9031e-09 
    4147.413    7.9445e-09 
    4150.163    7.9488e-09 
    4152.912    7.9582e-09 
    4155.662    7.9571e-09 
    4158.411    7.9874e-09 
    4161.161    7.9770e-09 
    4163.910    7.9191e-09 
    4166.660    7.9327e-09 
    4169.409    7.9282e-09 
    4172.159    7.8837e-09 
    4174.908    7.8377e-09 
    4177.658    7.8303e-09 
    4180.407    7.8490e-09 
    4183.157    7.8696e-09 
    4185.906    7.8899e-09 
    4188.656    7.8880e-09 
    4191.405    7.8754e-09 
    4194.155    7.8591e-09 
    4196.904    7.8298e-09 
    4199.654    7.8116e-09 
    4200.543    7.7696e-09 
    4204.754    7.7751e-09 
    4208.969    7.7957e-09 
    4213.189    7.7633e-09 
    4217.413    7.7134e-09 
    4221.640    7.6913e-09 
    4225.873    7.6296e-09 
    4230.109    7.5750e-09 
    4234.350    7.5457e-09 
    4238.595    7.5631e-09 
    4242.844    7.5513e-09 
    4247.097    7.5014e-09 
    4251.355    7.4832e-09 
    4255.617    7.4919e-09 
    4259.883    7.4642e-09 
    4264.154    7.4539e-09 
    4268.429    7.4278e-09 
    4272.708    7.3487e-09 
    4276.991    7.3511e-09 
    4281.279    7.3606e-09 
    4285.571    7.3187e-09 
    4289.867    7.2443e-09 
    4294.168    7.1620e-09 
    4298.473    7.0679e-09 
    4302.782    6.9627e-09 
    4307.095    6.8875e-09 
    4311.413    6.7807e-09 
    4315.735    6.6019e-09 
    4320.062    6.3448e-09 
    4324.393    5.9041e-09 
    4328.728    5.2523e-09 
    4333.067    4.3662e-09 
    4337.412    3.2998e-09 
    4341.760    2.7404e-09 
    4346.112    3.3227e-09 
    4350.469    4.3551e-09 
    4354.831    5.2301e-09 
    4359.196    5.8670e-09 
    4363.566    6.2649e-09 
    4367.941    6.4927e-09 
    4372.320    6.6241e-09 
    4376.703    6.7071e-09 
    4381.091    6.7166e-09 
    4385.483    6.6707e-09 
    4389.879    6.7150e-09 
    4394.280    6.7491e-09 
    4398.686    6.7586e-09 
    4403.095    6.7625e-09 
    4407.509    6.7673e-09 
    4411.928    6.7586e-09 
    4416.351    6.7008e-09 
    4420.778    6.7127e-09 
    4425.210    6.7498e-09 
    4429.646    6.7356e-09 
    4434.087    6.7111e-09 
    4438.532    6.6937e-09 
    4442.982    6.6510e-09 
    4447.436    6.6280e-09 
    4451.895    6.6288e-09 
    4456.357    6.6201e-09 
    4460.825    6.6059e-09 
    4465.297    6.5647e-09 
    4469.773    6.5046e-09 
    4474.254    6.4888e-09 
    4478.740    6.4152e-09 
    4483.229    6.3416e-09 
    4487.724    6.4168e-09 
    4492.223    6.4405e-09 
    4496.727    6.4445e-09 
    4501.234    6.4247e-09 
    4505.747    6.3962e-09 
    4510.264    6.3709e-09 
    4514.786    6.3488e-09 
    4519.312    6.3108e-09 
    4523.842    6.2839e-09 
    4528.377    6.2934e-09 
    4532.917    6.2752e-09 
    4537.461    6.2617e-09 
    4542.010    6.2530e-09 
    4546.563    6.1921e-09 
    4551.122    6.1162e-09 
    4555.684    6.1082e-09 
    4560.251    6.1288e-09 
    4564.823    6.1557e-09 
    4569.399    6.1526e-09 
    4573.980    6.1185e-09 
    4578.565    6.0869e-09 
    4583.155    6.0331e-09 
    4587.750    6.0165e-09 
    4592.349    6.0458e-09 
    4596.953    6.0639e-09 
    4601.562    6.0624e-09 
    4606.175    6.0497e-09 
    4610.792    6.0299e-09 
    4615.415    5.9896e-09 
    4620.042    5.9445e-09 
    4624.673    5.9310e-09 
    4629.310    5.9002e-09 
    4633.950    5.8765e-09 
    4638.596    5.8875e-09 
    4643.246    5.8994e-09 
    4647.901    5.8867e-09 
    4652.561    5.8670e-09 
    4657.225    5.8456e-09 
    4661.894    5.8250e-09 
    4666.567    5.7981e-09 
    4671.245    5.7823e-09 
    4675.928    5.7799e-09 
    4680.616    5.7704e-09 
    4685.308    5.7538e-09 
    4690.005    5.7340e-09 
    4694.707    5.7166e-09 
    4699.413    5.6969e-09 
    4704.125    5.6731e-09 
    4708.840    5.6581e-09 
    4713.561    5.6407e-09 
    4718.286    5.6209e-09 
    4723.017    5.6067e-09 
    4727.751    5.5869e-09 
    4732.491    5.5600e-09 
    4737.235    5.5450e-09 
    4741.984    5.5355e-09 
    4746.738    5.5228e-09 
    4751.497    5.5078e-09 
    4756.260    5.4896e-09 
    4761.028    5.4682e-09 
    4765.801    5.4461e-09 
    4770.579    5.4287e-09 
    4775.361    5.4105e-09 
    4780.148    5.3883e-09 
    4784.941    5.3678e-09 
    4789.737    5.3464e-09 
    4794.540    5.3227e-09 
    4799.346    5.2926e-09 
    4804.157    5.2570e-09 
    4808.974    5.2238e-09 
    4813.794    5.1866e-09 
    4818.620    5.1352e-09 
    4823.451    5.0616e-09 
    4828.287    4.9762e-09 
    4833.127    4.8646e-09 
    4837.972    4.6898e-09 
    4842.822    4.4232e-09 
    4847.677    4.0236e-09 
    4852.537    3.4580e-09 
    4857.401    2.7491e-09 
    4862.271    2.2982e-09 
    4867.146    2.6273e-09 
    4872.025    3.3203e-09 
    4876.909    3.8907e-09 
    4881.798    4.2847e-09 
    4886.692    4.5315e-09 
    4891.591    4.6771e-09 
    4896.495    4.7776e-09 
    4901.403    4.8432e-09 
    4906.317    4.8757e-09 
    4911.236    4.8891e-09 
    4916.159    4.8836e-09 
    4921.088    4.8472e-09 
    4926.021    4.8385e-09 
    4930.959    4.8773e-09 
    4935.903    4.8891e-09 
    4940.851    4.8860e-09 
    4945.805    4.8781e-09 
    4950.763    4.8614e-09 
    4955.726    4.8345e-09 
    4960.694    4.8211e-09 
    4965.667    4.8266e-09 
    4970.645    4.8195e-09 
    4975.628    4.8053e-09 
    4980.616    4.7839e-09 
    4985.609    4.7649e-09 
    4990.607    4.7538e-09 
    4995.610    4.7404e-09 
    5000.619    4.7159e-09 
    5005.632    4.6945e-09 
    5010.650    4.6874e-09 
    5015.673    4.6494e-09 
    5020.701    4.6138e-09 
    5025.734    4.6383e-09 
    5030.772    4.6447e-09 
    5035.816    4.6249e-09 
    5040.865    4.6004e-09 
    5045.918    4.5956e-09 
    5050.977    4.5869e-09 
    5056.040    4.5592e-09 
    5061.109    4.5553e-09 
    5066.183    4.5569e-09 
    5071.261    4.5434e-09 
    5076.345    4.5292e-09 
    5081.435    4.5189e-09 
    5086.529    4.5078e-09 
    5091.628    4.4936e-09 
    5096.732    4.4730e-09 
    5101.842    4.4548e-09 
    5106.956    4.4509e-09 
    5112.076    4.4437e-09 
    5117.201    4.4303e-09 
    5122.331    4.4145e-09 
    5127.466    4.3971e-09 
    5132.606    4.3796e-09 
    5137.751    4.3638e-09 
    5142.902    4.3472e-09 
    5148.058    4.3353e-09 
    5153.219    4.3274e-09 
    5158.385    4.3156e-09 
    5163.557    4.2768e-09 
    5168.733    4.2040e-09 
    5173.915    4.1953e-09 
    5179.102    4.2278e-09 
    5184.293    4.2103e-09 
    5189.491    4.2032e-09 
    5194.693    4.1985e-09 
    5199.901    4.1874e-09 
    5205.113    4.1914e-09 
    5210.332    4.1866e-09 
    5215.556    4.1732e-09 
    5220.784    4.1581e-09 
    5226.018    4.1304e-09 
    5231.257    4.0988e-09 
    5236.501    4.0854e-09 
    5241.750    4.1012e-09 
    5247.006    4.1051e-09 
    5252.266    4.0893e-09 
    5257.531    4.0687e-09 
    5262.802    4.0450e-09 
    5268.078    4.0229e-09 
    5273.359    4.0007e-09 
    5278.646    3.9936e-09 
    5283.938    4.0039e-09 
    5289.234    4.0070e-09 
    5294.537    4.0015e-09 
    5299.845    3.9888e-09 
    5305.158    3.9730e-09 
    5310.476    3.9501e-09 
    5315.800    3.9129e-09 
    5321.129    3.9018e-09 
    5326.464    3.9018e-09 
    5331.804    3.8907e-09 
    5337.148    3.8844e-09 
    5342.499    3.8828e-09 
    5347.855    3.8820e-09 
    5353.216    3.8741e-09 
    5358.583    3.8575e-09 
    5363.955    3.8322e-09 
    5369.332    3.8195e-09 
    5374.715    3.8164e-09 
    5380.103    3.8085e-09 
    5385.497    3.7958e-09 
    5390.896    3.7863e-09 
    5396.300    3.7721e-09 
    5401.709    3.7499e-09 
    5407.125    3.7357e-09 
    5412.546    3.7317e-09 
    5417.972    3.7246e-09 
    5423.403    3.7127e-09 
    5428.840    3.6993e-09 
    5434.283    3.6922e-09 
    5439.730    3.6874e-09 
    5445.184    3.6771e-09 
    5450.643    3.6653e-09 
    5456.107    3.6526e-09 
    5461.577    3.6423e-09 
    5467.052    3.6320e-09 
    5472.532    3.6225e-09 
    5478.019    3.6099e-09 
    5483.511    3.5996e-09 
    5489.008    3.5893e-09 
    5494.511    3.5790e-09 
    5500.019    3.5687e-09 
    5505.533    3.5553e-09 
    5511.052    3.5458e-09 
    5516.577    3.5403e-09 
    5522.107    3.5284e-09 
    5527.643    3.5086e-09 
    5533.184    3.4952e-09 
    5538.731    3.4904e-09 
    5544.284    3.4849e-09 
    5549.842    3.4746e-09 
    5555.406    3.4643e-09 
    5560.976    3.4540e-09 
    5566.550    3.4422e-09 
    5572.131    3.4303e-09 
    5577.717    3.4208e-09 
    5583.308    3.4105e-09 
    5588.906    3.3987e-09 
    5594.509    3.3907e-09 
    5600.117    3.3828e-09 
    5605.731    3.3733e-09 
    5611.351    3.3623e-09 
    5616.977    3.3496e-09 
    5622.607    3.3409e-09 
    5628.244    3.3322e-09 
    5633.886    3.3235e-09 
    5639.534    3.3132e-09 
    5645.188    3.3021e-09 
    5650.847    3.2919e-09 
    5656.513    3.2792e-09 
    5662.183    3.2681e-09 
    5667.859    3.2610e-09 
    5673.541    3.2531e-09 
    5679.229    3.2436e-09 
    5684.922    3.2333e-09 
    5690.621    3.2230e-09 
    5696.326    3.2143e-09 
    5702.037    3.2048e-09 
    5707.753    3.1945e-09 
    5713.476    3.1851e-09 
    5719.203    3.1764e-09 
    5724.937    3.1669e-09 
    5730.676    3.1574e-09 
    5736.421    3.1479e-09 
    5742.172    3.1384e-09 
    5747.928    3.1281e-09 
    5753.690    3.1178e-09 
    5759.458    3.1091e-09 
    5765.232    3.0996e-09 
    5771.012    3.0909e-09 
    5776.797    3.0806e-09 
    5782.588    3.0703e-09 
    5788.386    3.0616e-09 
    5794.189    3.0529e-09 
    5799.998    3.0434e-09 
    5805.812    3.0347e-09 
    5811.632    3.0252e-09 
    5817.458    3.0158e-09 
    5823.291    3.0071e-09 
    5829.128    2.9984e-09 
    5834.972    2.9889e-09 
    5840.821    2.9802e-09 
    5846.677    2.9715e-09 
    5852.539    2.9620e-09 
    5858.405    2.9517e-09 
    5864.278    2.9430e-09 
    5870.157    2.9327e-09 
    5876.042    2.9208e-09 
    5881.933    2.9105e-09 
    5887.830    2.8915e-09 
    5893.732    2.8734e-09 
    5899.641    2.8734e-09 
    5905.555    2.8773e-09 
    5911.475    2.8718e-09 
    5917.402    2.8639e-09 
    5923.334    2.8552e-09 
    5929.272    2.8465e-09 
    5935.216    2.8378e-09 
    5941.167    2.8298e-09 
    5947.122    2.8203e-09 
    5953.084    2.8093e-09 
    5959.052    2.7990e-09 
    5965.026    2.7919e-09 
    5971.006    2.7847e-09 
    5976.992    2.7745e-09 
    5982.984    2.7650e-09 
    5988.982    2.7586e-09 
    5994.986    2.7507e-09 
    6000.996    2.7436e-09 
    6007.012    2.7349e-09 
    6013.034    2.7246e-09 
    6019.062    2.7167e-09 
    6025.096    2.7096e-09 
    6031.136    2.7025e-09 
    6037.183    2.6946e-09 
    6043.235    2.6859e-09 
    6049.293    2.6772e-09 
    6055.357    2.6692e-09 
    6061.428    2.6613e-09 
    6067.504    2.6534e-09 
    6073.587    2.6455e-09 
    6079.676    2.6368e-09 
    6085.771    2.6289e-09 
    6091.872    2.6210e-09 
    6097.979    2.6131e-09 
    6104.092    2.6044e-09 
    6110.212    2.5965e-09 
    6116.337    2.5886e-09 
    6122.469    2.5806e-09 
    6128.606    2.5719e-09 
    6134.750    2.5640e-09 
    6140.900    2.5545e-09 
    6147.057    2.5411e-09 
    6153.219    2.5261e-09 
    6159.388    2.5150e-09 
    6165.562    2.5173e-09 
    6171.744    2.5166e-09 
    6177.931    2.5094e-09 
    6184.124    2.5031e-09 
    6190.323    2.4960e-09 
    6196.529    2.4881e-09 
    6202.742    2.4802e-09 
    6208.960    2.4730e-09 
    6215.185    2.4651e-09 
    6221.415    2.4580e-09 
    6227.652    2.4493e-09 
    6233.896    2.4382e-09 
    6240.145    2.4264e-09 
    6246.401    2.4161e-09 
    6252.662    2.4121e-09 
    6258.931    2.4105e-09 
    6265.206    2.4050e-09 
    6271.486    2.3979e-09 
    6277.773    2.3908e-09 
    6284.067    2.3836e-09 
    6290.367    2.3757e-09 
    6296.673    2.3678e-09 
    6302.985    2.3599e-09 
    6309.304    2.3520e-09 
    6315.629    2.3441e-09 
    6321.960    2.3362e-09 
    6328.298    2.3306e-09 
    6334.643    2.3227e-09 
    6340.993    2.3093e-09 
    6347.350    2.2911e-09 
    6353.713    2.2895e-09 
    6360.083    2.2927e-09 
    6366.459    2.2816e-09 
    6372.841    2.2674e-09 
    6379.229    2.2658e-09 
    6385.625    2.2642e-09 
    6392.026    2.2587e-09 
    6398.435    2.2515e-09 
    6404.849    2.2436e-09 
    6411.270    2.2357e-09 
    6417.697    2.2270e-09 
    6424.131    2.2207e-09 
    6430.571    2.2143e-09 
    6437.018    2.2064e-09 
    6443.471    2.1985e-09 
    6449.931    2.1882e-09 
    6456.396    2.1740e-09 
    6462.869    2.1700e-09 
    6469.348    2.1685e-09 
    6475.834    2.1613e-09 
    6482.325    2.1519e-09 
    6488.824    2.1408e-09 
    6495.329    2.1297e-09 
    6501.841    2.1194e-09 
    6508.359    2.1068e-09 
    6514.883    2.0886e-09 
    6521.415    2.0664e-09 
    6527.952    2.0371e-09 
    6534.497    1.9913e-09 
    6541.047    1.9169e-09 
    6547.605    1.7935e-09 
    6554.169    1.5925e-09 
    6560.740    1.3520e-09 
    6567.317    1.3204e-09 
    6573.900    1.5387e-09 
    6580.491    1.7444e-09 
    6587.087    1.8655e-09 
    6593.691    1.9319e-09 
    6600.302    1.9683e-09 
    6606.918    1.9873e-09 
    6613.542    1.9968e-09 
    6620.171    2.0007e-09 
    6626.809    2.0015e-09 
    6633.452    2.0000e-09 
    6640.102    1.9976e-09 
    6646.758    1.9936e-09 
    6653.422    1.9889e-09 
    6660.092    1.9841e-09 
    6666.769    1.9794e-09 
    6673.452    1.9738e-09 
    6680.142    1.9683e-09 
    6686.839    1.9636e-09 
    6693.543    1.9588e-09 
    6700.253    1.9533e-09 
    6706.970    1.9477e-09 
    6713.694    1.9414e-09 
    6720.424    1.9351e-09 
    6727.162    1.9280e-09 
    6733.906    1.9232e-09 
    6740.656    1.9185e-09 
    6747.414    1.9121e-09 
    6754.178    1.9066e-09 
    6760.949    1.9003e-09 
    6767.727    1.8955e-09 
    6774.512    1.8892e-09 
    6781.303    1.8837e-09 
    6788.101    1.8781e-09 
    6794.907    1.8718e-09 
    6801.718    1.8663e-09 
    6808.537    1.8607e-09 
    6815.362    1.8552e-09 
    6822.195    1.8489e-09 
    6829.034    1.8425e-09 
    6835.881    1.8370e-09 
    6842.734    1.8322e-09 
    6849.594    1.8259e-09 
    6856.460    1.8204e-09 
    6863.334    1.8140e-09 
    6870.214    1.8093e-09 
    6877.102    1.8038e-09 
    6883.996    1.7982e-09 
    6890.897    1.7927e-09 
    6897.805    1.7871e-09 
    6904.721    1.7816e-09 
    6911.643    1.7761e-09 
    6918.571    1.7705e-09 
    6925.507    1.7642e-09 
    6932.450    1.7595e-09 
    6939.399    1.7539e-09 
    6946.356    1.7484e-09 
    6953.320    1.7428e-09 
    6960.291    1.7373e-09 
    6967.269    1.7318e-09 
    6974.253    1.7270e-09 
    6981.245    1.7215e-09 
    6988.243    1.7159e-09 
    6995.250    1.7104e-09 
    7002.262    1.7033e-09 
    7009.282    1.6985e-09 
    7016.309    1.6938e-09 
    7023.343    1.6883e-09 
    7030.383    1.6835e-09 
    7037.432    1.6788e-09 
    7044.487    1.6732e-09 
    7051.548    1.6685e-09 
    7058.618    1.6629e-09 
    7065.694    1.6582e-09 
    7072.778    1.6527e-09 
    7079.868    1.6479e-09 
    7086.965    1.6432e-09 
    7094.070    1.6376e-09 
    7101.182    1.6321e-09 
    7108.301    1.6234e-09 
    7115.427    1.6139e-09 
    7122.561    1.6115e-09 
    7129.700    1.6107e-09 
    7136.848    1.6068e-09 
    7144.003    1.6012e-09 
    7151.165    1.5965e-09 
    7158.334    1.5909e-09 
    7165.510    1.5862e-09 
    7172.693    1.5815e-09 
    7179.884    1.5767e-09 
    7187.082    1.5712e-09 
    7194.287    1.5664e-09 
    7201.499    1.5625e-09 
    7208.719    1.5569e-09 
    7215.945    1.5522e-09 
    7223.179    1.5466e-09 
    7230.420    1.5419e-09 
    7237.669    1.5379e-09 
    7244.925    1.5324e-09 
    7252.188    1.5277e-09 
    7259.458    1.5229e-09 
    7266.736    1.5182e-09 
    7274.021    1.5142e-09 
    7281.313    1.5087e-09 
    7288.613    1.5039e-09 
    7295.920    1.4992e-09 
    7303.233    1.4944e-09 
    7310.556    1.4889e-09 
    7317.884    1.4849e-09 
    7325.220    1.4802e-09 
    7332.563    1.4762e-09 
    7339.915    1.4723e-09 
    7347.273    1.4675e-09 
    7354.639    1.4628e-09 
    7362.012    1.4580e-09 
    7369.392    1.4533e-09 
    7376.780    1.4493e-09 
    7384.175    1.4438e-09 
    7391.578    1.4391e-09 
    7398.988    1.4351e-09 
    7406.405    1.4303e-09 
    7413.830    1.4256e-09 
    7421.263    1.4201e-09 
    7428.702    1.4161e-09 
    7436.150    1.4122e-09 
    7443.604    1.4066e-09 
    7451.067    1.4027e-09 
    7458.536    1.3979e-09 
    7466.014    1.3924e-09 
    7473.499    1.3868e-09 
    7480.991    1.3829e-09 
    7488.490    1.3797e-09 
    7495.997    1.3766e-09 
    7503.512    1.3726e-09 
    7511.035    1.3678e-09 
    7518.564    1.3631e-09 
    7526.102    1.3591e-09 
    7533.646    1.3560e-09 
    7541.199    1.3520e-09 
    7548.759    1.3473e-09 
    7556.327    1.3433e-09 
    7563.902    1.3394e-09 
    7571.485    1.3346e-09 
    7579.075    1.3307e-09 
    7586.673    1.3259e-09 
    7594.278    1.3220e-09 
    7601.892    1.3180e-09 
    7609.513    1.3141e-09 
    7617.142    1.3093e-09 
    7624.778    1.3054e-09 
    7632.422    1.3014e-09 
    7640.073    1.2974e-09 
    7647.732    1.2927e-09 
    7655.399    1.2887e-09 
    7663.074    1.2840e-09 
    7670.756    1.2800e-09 
    7678.446    1.2769e-09 
    7686.144    1.2729e-09 
    7693.849    1.2682e-09 
    7701.562    1.2642e-09 
    7709.283    1.2595e-09 
    7717.011    1.2555e-09 
    7724.748    1.2523e-09 
    7732.492    1.2492e-09 
    7740.244    1.2452e-09 
    7748.003    1.2405e-09 
    7755.771    1.2365e-09 
    7763.545    1.2286e-09 
    7771.329    1.2096e-09 
    7779.119    1.2033e-09 
    7786.918    1.2152e-09 
    7794.725    1.2167e-09 
    7802.539    1.2136e-09 
    7810.361    1.2096e-09 
    7818.191    1.2065e-09 
    7826.028    1.2017e-09 
    7833.874    1.1978e-09 
    7841.728    1.1938e-09 
    7849.589    1.1898e-09 
    7857.458    1.1859e-09 
    7865.335    1.1819e-09 
    7873.220    1.1772e-09 
    7881.113    1.1717e-09 
    7889.014    1.1685e-09 
    7896.923    1.1622e-09 
    7904.839    1.1606e-09 
    7912.764    1.1598e-09 
    7920.696    1.1566e-09 
    7928.637    1.1535e-09 
    7936.586    1.1487e-09 
    7944.542    1.1440e-09 
    7952.506    1.1392e-09 
    7960.479    1.1376e-09 
    7968.459    1.1353e-09 
    7976.448    1.1297e-09 
    7984.444    1.1234e-09 
    7992.448    1.1179e-09 
    8000.461    1.1171e-09 
    8008.481    1.1163e-09 
    8016.509    1.1131e-09 
    8024.546    1.1099e-09 
    8032.591    1.1068e-09 
    8040.644    1.1028e-09 
    8048.704    1.0997e-09 
    8056.773    1.0957e-09 
    8064.850    1.0925e-09 
    8072.935    1.0894e-09 
    8081.028    1.0854e-09 
    8089.130    1.0823e-09 
    8097.239    1.0791e-09 
    8105.356    1.0751e-09 
    8113.482    1.0720e-09 
    8121.616    1.0688e-09 
    8129.758    1.0648e-09 
    8137.908    1.0617e-09 
    8146.066    1.0585e-09 
    8154.232    1.0554e-09 
    8162.407    1.0514e-09 
    8170.590    1.0482e-09 
    8178.781    1.0443e-09 
    8186.980    1.0395e-09 
    8195.188    1.0348e-09 
    8203.403    1.0316e-09 
    8211.627    1.0277e-09 
    8219.859    1.0245e-09 
    8228.100    1.0213e-09 
    8236.349    1.0190e-09 
    8244.605    1.0158e-09 
    8252.870    1.0134e-09 
    8261.145    1.0126e-09 
    8269.426    1.0111e-09 
    8277.716    1.0079e-09 
    8286.015    1.0047e-09 
    8294.321    1.0016e-09 
    8302.636    9.9919e-10 
    8310.959    9.9681e-10 
    8319.291    9.9365e-10 
    8327.632    9.8890e-10 
    8335.980    9.8416e-10 
    8344.337    9.8257e-10 
    8352.702    9.8099e-10 
    8361.075    9.7862e-10 
    8369.457    9.7545e-10 
    8377.848    9.7229e-10 
    8386.247    9.6833e-10 
    8394.654    9.6517e-10 
    8403.069    9.6200e-10 
    8411.493    9.5726e-10 
    8419.926    9.5409e-10 
    8428.367    9.5014e-10 
    8436.817    9.4064e-10 
    8445.274    9.3194e-10 
    8453.741    9.3352e-10 
    8462.216    9.2878e-10 
    8470.699    9.2166e-10 
    8479.191    9.2878e-10 
    8487.691    9.2957e-10 
    8496.200    9.0504e-10 
    8504.718    8.8685e-10 
    8513.244    9.0504e-10 
    8521.778    9.2482e-10 
    8530.321    9.1770e-10 
    8538.873    8.7498e-10 
    8547.434    8.4254e-10 
    8556.002    8.7261e-10 
    8564.579    9.1375e-10 
    8573.166    9.2640e-10 
    8581.760    9.0979e-10 
    8590.363    8.5678e-10 
    8598.976    8.0378e-10 
    8607.596    8.2672e-10 
    8616.225    8.8764e-10 
    8624.862    9.2324e-10 
    8633.510    9.3194e-10 
    8642.164    9.2007e-10 
    8650.828    8.7419e-10 
    8659.501    7.9049e-10 
    8668.182    7.4452e-10 
    8676.871    8.0141e-10 
    8685.570    8.7735e-10 
    8694.277    9.2166e-10 
    8702.994    9.3985e-10 
    8711.718    9.4302e-10 
    8720.451    9.3115e-10 
    8729.193    8.9871e-10 
    8737.945    8.3068e-10 
    8746.705    7.3780e-10 
    8755.474    7.1161e-10 
    8764.251    7.8630e-10 
    8773.037    8.6786e-10 
    8781.832    9.1533e-10 
    8790.636    9.3985e-10 
    8799.448    9.4935e-10 
    8808.270    9.4935e-10 
    8817.101    9.4460e-10 
    8825.939    9.3036e-10 
    8834.787    9.0346e-10 
    8843.645    8.5204e-10 
    8852.510    7.6984e-10 
    8861.385    6.8503e-10 
    8870.268    6.9097e-10 
    8879.161    7.7577e-10 
    8888.062    8.4887e-10 
    8896.972    8.9159e-10 
    8905.892    9.1216e-10 
    8914.820    9.2087e-10 
    8923.757    9.2403e-10 
    8932.703    9.2561e-10 
    8941.658    9.2719e-10 
    8950.622    9.2403e-10 
    8959.595    9.1691e-10 
    8968.576    9.0504e-10 
    8977.567    8.8685e-10 
    8986.568    8.5678e-10 
    8995.577    8.0694e-10 
    9004.596    7.2791e-10 
    9013.622    6.4761e-10 
    9022.658    6.5497e-10 
    9031.703    7.3622e-10 
    9040.758    8.0457e-10 
    9049.821    8.4254e-10 
    9058.894    8.5758e-10 
    9067.976    8.6628e-10 
    9077.066    8.7340e-10 
    9086.166    8.7261e-10 
    9095.274    8.7102e-10 
    9104.393    8.7340e-10 
    9113.520    8.7340e-10 
    9122.656    8.7340e-10 
    9131.802    8.7261e-10 
    9140.956    8.7023e-10 
    9150.120    8.6628e-10 
    9159.293    8.6074e-10 
    9168.476    8.5283e-10 
    9177.667    8.4175e-10 
    9186.867    8.2830e-10 
    9196.077    8.0694e-10 
    9205.296    7.6984e-10 
    9214.524    7.0774e-10 
    9223.762    6.2673e-10 
    9233.009    5.9255e-10 
    9242.265    6.4809e-10 
    9251.530    7.1858e-10 
    9260.805    7.5766e-10 
    9270.089    7.8258e-10 
    9279.383    8.0457e-10 
    9288.685    8.1327e-10 
    9297.997    8.1644e-10 
    9307.318    8.1723e-10 
    9316.648    8.1644e-10 
    9325.988    8.1486e-10 
    9335.338    8.1327e-10 
    9344.696    8.1169e-10 
    9354.064    8.0932e-10 
    9363.442    8.0694e-10 
    9372.829    8.0457e-10 
    9382.226    8.0062e-10 
    9391.631    7.9508e-10 
    9401.046    7.8946e-10 
    9410.471    7.8440e-10 
    9419.904    7.8519e-10 
    9429.348    7.8543e-10 
    9438.801    7.8289e-10 
    9448.264    7.7965e-10 
    9457.735    7.7585e-10 
    9467.217    7.7134e-10 
    9476.708    7.6612e-10 
    9486.208    7.5924e-10 
    9495.718    7.5006e-10 
    9505.237    7.3630e-10 
    9514.767    7.1446e-10 
    9524.305    6.7823e-10 
    9533.854    6.1889e-10 
    9543.410    5.5110e-10 
    9552.978    5.4572e-10 
    9562.555    6.0758e-10 
    9572.142    6.6415e-10 
    9581.737    6.9666e-10 
    9591.344    7.1351e-10 
    9600.959    7.2087e-10 
    9610.584    7.2403e-10 
    9620.218    7.2403e-10 
    9629.862    7.2356e-10 
    9639.517    7.2475e-10 
    9649.181    7.2388e-10 
    9658.854    7.2000e-10 
    9668.536    7.1960e-10 
    9678.229    7.1976e-10 
    9687.932    7.1794e-10 
    9697.644    7.1597e-10 
    9707.365    7.1415e-10 
    9717.098    7.1193e-10 
    9726.838    7.0948e-10 
    9736.590    7.0687e-10 
    9746.351    7.0449e-10 
    9756.121    7.0236e-10 
    9765.902    7.0014e-10 
    9775.692    6.9769e-10 
    9785.492    6.9524e-10 
    9795.303    6.9286e-10 
    9805.122    6.9041e-10 
    9814.952    6.8780e-10 
    9824.791    6.8503e-10 
    9834.641    6.8274e-10 
    9844.500    6.8029e-10 
    9854.369    6.7704e-10 
    9864.248    6.7451e-10 
    9874.137    6.7277e-10 
    9884.035    6.6945e-10 
    9893.944    6.6557e-10 
    9903.863    6.6446e-10 
    9913.792    6.6280e-10 
    9923.730    6.5987e-10 
    9933.680    6.5655e-10 
    9943.638    6.5402e-10 
    9953.605    6.5141e-10 
    9963.585    6.4809e-10 
    9973.573    6.4397e-10 
    9983.572    6.3875e-10 
    9993.580    6.3155e-10 
   10003.599    6.2174e-10 
   10013.627    6.0734e-10 
   10023.666    5.8314e-10 
   10033.715    5.4208e-10 
   10043.773    4.8559e-10 
   10053.843    4.6122e-10 
   10063.922    5.0118e-10 
   10074.011    5.5078e-10 
   10084.110    5.8005e-10 
   10094.220    5.9469e-10 
   10104.338    6.0252e-10 
   10114.469    6.0545e-10 
   10124.608    6.0663e-10 
   10134.758    6.0869e-10 
   10144.918    6.0940e-10 
   10155.089    6.0845e-10 
   10165.269    6.0711e-10 
   10175.460    6.0560e-10 
   10185.660    6.0386e-10 
   10195.871    6.0220e-10 
   10206.093    6.0054e-10 
   10216.324    5.9864e-10 
   10226.566    5.9674e-10 
   10236.818    5.9477e-10 
   10247.081    5.9279e-10 
   10257.354    5.9081e-10 
   10267.637    5.8891e-10 
   10277.930    5.8693e-10 
   10288.233    5.8488e-10 
   10298.547    5.8290e-10 
   10308.872    5.8092e-10 
   10319.207    5.7878e-10 
   10329.552    5.7641e-10 
   10339.907    5.7451e-10 
   10350.272    5.7285e-10 
   10360.649    5.7079e-10 
   10371.035    5.6858e-10 
   10381.432    5.6684e-10 
   10391.840    5.6502e-10 
   10402.257    5.6304e-10 
   10412.686    5.6114e-10 
   10423.125    5.5924e-10 
   10433.574    5.5727e-10 
   10444.033    5.5481e-10 
   10454.503    5.5149e-10 
   10464.984    5.4951e-10 
   10475.477    5.4880e-10 
   10485.978    5.4738e-10 
   10496.489    5.4524e-10 
   10507.012    5.4287e-10 
   10517.545    5.4097e-10 
   10528.090    5.3931e-10 
   10538.644    5.3733e-10 
   10549.209    5.3543e-10 
   10559.784    5.3393e-10 
   10570.371    5.3219e-10 
   10580.967    5.2997e-10 
   10591.574    5.2784e-10 
   10602.192    5.2625e-10 
   10612.821    5.2475e-10 
   10623.461    5.2301e-10 
   10634.111    5.2103e-10 
   10644.771    5.1929e-10 
   10655.443    5.1731e-10 
   10666.125    5.1478e-10 
   10676.817    5.0932e-10 
   10687.521    5.0236e-10 
   10698.236    5.0252e-10 
   10708.961    5.0442e-10 
   10719.696    5.0410e-10 
   10730.443    5.0197e-10 
   10741.200    5.0102e-10 
   10751.968    4.9975e-10 
   10762.746    4.9833e-10 
   10773.536    4.9706e-10 
   10784.337    4.9508e-10 
   10795.148    4.9303e-10 
   10805.971    4.9081e-10 
   10816.805    4.8820e-10 
   10827.647    4.8551e-10 
   10838.502    4.8345e-10 
   10849.367    4.8124e-10 
   10860.244    4.7752e-10 
   10871.132    4.7270e-10 
   10882.030    4.6755e-10 
   10892.939    4.5988e-10 
   10903.859    4.4698e-10 
   10914.791    4.2531e-10 
   10925.732    3.9200e-10 
   10936.686    3.5767e-10 
   10947.650    3.6123e-10 
   10958.625    3.9611e-10 
   10969.610    4.2428e-10 
   10980.607    4.3971e-10 
   10991.616    4.4793e-10 
   11002.636    4.5205e-10 
   11013.666    4.5371e-10 
   11024.707    4.5418e-10 
   11035.760    4.5426e-10 
   11046.822    4.5371e-10 
   11057.896    4.5284e-10 
   11068.982    4.5173e-10 
   11080.079    4.5054e-10 
   11091.187    4.4920e-10 
   11102.306    4.4785e-10 
   11113.437    4.4635e-10 
   11124.576    4.4477e-10 
   11135.729    4.4327e-10 
   11146.894    4.4192e-10 
   11158.067    4.4058e-10 
   11169.254    4.3907e-10 
   11180.450    4.3749e-10 
   11191.659    4.3591e-10 
   11202.879    4.3448e-10 
   11214.110    4.3306e-10 
   11225.352    4.3164e-10 
   11236.605    4.3013e-10 
   11247.870    4.2847e-10 
   11259.146    4.2681e-10 
   11270.434    4.2499e-10 
   11281.732    4.2088e-10 
   11293.042    4.1621e-10 
   11304.363    4.1605e-10 
   11315.695    4.1771e-10 
   11327.040    4.1645e-10 
   11338.395    4.1486e-10 
   11349.762    4.1463e-10 
   11361.141    4.1352e-10 
   11372.529    4.1194e-10 
   11383.931    4.1051e-10 
   11395.343    4.0917e-10 
   11406.768    4.0766e-10 
   11418.202    4.0648e-10 
   11429.648    4.0521e-10 
   11441.107    4.0339e-10 
   11452.577    4.0173e-10 
   11464.059    4.0086e-10 
   11475.551    3.9967e-10 
   11487.056    3.9833e-10 
   11498.570    3.9691e-10 
   11510.099    3.9548e-10 
   11521.637    3.9414e-10 
   11533.188    3.9271e-10 
   11544.750    3.9137e-10 
   11556.323    3.8994e-10 
   11567.909    3.8852e-10 
   11579.506    3.8717e-10 
   11591.113    3.8567e-10 
   11602.734    3.8393e-10 
   11614.365    3.8195e-10 
   11626.010    3.8021e-10 
   11637.665    3.7926e-10 
   11649.331    3.7729e-10 
   11661.010    3.7428e-10 
   11672.700    3.7349e-10 
   11684.402    3.7404e-10 
   11696.115    3.7365e-10 
   11707.841    3.7254e-10 
   11719.578    3.7119e-10 
   11731.327    3.6945e-10 
   11743.087    3.6597e-10 
   11754.859    3.6202e-10 
   11766.645    3.6273e-10 
   11778.439    3.6360e-10 
   11790.248    3.6273e-10 
   11802.068    3.6146e-10 
   11813.898    3.6028e-10 
   11825.742    3.5854e-10 
   11837.598    3.5640e-10 
   11849.465    3.5545e-10 
   11861.344    3.5498e-10 
   11873.234    3.5379e-10 
   11885.138    3.5189e-10 
   11897.053    3.4999e-10 
   11908.979    3.4975e-10 
   11920.919    3.4944e-10 
   11932.870    3.4817e-10 
   11944.832    3.4643e-10 
   11956.807    3.4493e-10 
   11968.794    3.4422e-10 
   11980.792    3.4279e-10 
   11992.803    3.4137e-10 
   12004.825    3.4066e-10 
