      1711   2.3635E-14
      1712   1.6752E-14
      1713   1.8576E-14
      1715   1.9941E-14
      1716   2.5538E-14
      1717   2.5159E-14
      1719   1.9877E-14
      1720   3.0587E-14
      1722   3.2471E-14
      1723   3.0632E-14
      1724   3.0534E-14
      1726   2.9309E-14
      1727   3.5162E-14
      1728   3.0409E-14
      1730   3.0137E-14
      1731   3.3319E-14
      1733   3.1889E-14
      1734   3.2492E-14
      1735   3.3655E-14
      1737   3.2259E-14
      1738   3.4000E-14
      1739   3.9113E-14
      1741   4.4301E-14
      1742   3.9141E-14
      1743   4.1607E-14
      1745   3.7964E-14
      1746   3.6693E-14
      1748   4.4587E-14
      1749   4.5398E-14
      1750   4.2938E-14
      1752   4.5199E-14
      1753   4.4385E-14
      1754   4.9269E-14
      1756   5.1593E-14
      1757   5.1382E-14
      1759   5.1515E-14
      1760   4.9472E-14
      1761   4.7697E-14
      1763   4.6927E-14
      1764   4.6230E-14
      1765   5.5089E-14
      1767   4.9407E-14
      1768   5.4667E-14
      1770   5.8377E-14
      1771   6.0031E-14
      1772   5.8469E-14
      1774   5.7991E-14
      1775   6.0965E-14
      1776   6.2718E-14
      1778   6.4271E-14
      1779   6.8286E-14
      1781   6.2954E-14
      1782   6.3632E-14
      1783   6.5041E-14
      1785   6.9174E-14
      1786   6.7423E-14
      1787   7.2635E-14
      1789   7.7191E-14
      1790   7.7397E-14
      1791   7.4353E-14
      1793   7.1263E-14
      1794   6.8764E-14
      1796   6.8917E-14
      1797   7.3586E-14
      1798   7.8208E-14
      1800   8.2374E-14
      1801   8.2403E-14
      1802   7.5869E-14
      1804   7.2310E-14
      1805   5.4490E-14
      1807   5.3635E-14
      1808   6.7961E-14
      1809   8.0096E-14
      1811   7.4492E-14
      1812   7.0584E-14
      1813   7.2239E-14
      1815   7.4243E-14
      1816   7.2832E-14
      1818   7.0997E-14
      1819   6.8020E-14
      1820   7.8233E-14
      1822   8.1779E-14
      1823   8.1371E-14
      1824   7.2560E-14
      1826   7.8041E-14
      1827   8.1942E-14
      1829   8.4653E-14
      1830   8.2684E-14
      1831   8.7511E-14
      1833   8.6790E-14
      1834   8.2980E-14
      1835   8.5103E-14
      1837   8.1155E-14
      1838   6.8730E-14
      1840   6.6532E-14
      1841   8.0062E-14
      1842   7.2547E-14
      1844   6.4197E-14
      1845   5.4219E-14
      1846   5.4297E-14
      1848   6.4021E-14
      1849   5.6029E-14
      1851   6.3253E-14
      1852   7.9841E-14
      1853   8.8343E-14
      1855   8.8427E-14
      1856   8.6408E-14
      1857   8.4524E-14
      1859   9.0803E-14
      1860   9.0428E-14
      1861   9.1087E-14
      1863   8.6726E-14
      1864   9.3389E-14
      1866   1.0203E-13
      1867   1.0287E-13
      1868   1.0331E-13
      1870   1.0229E-13
      1871   9.9576E-14
      1872   9.7795E-14
      1874   9.3324E-14
      1875   9.2943E-14
      1877   9.6036E-14
      1878   1.0053E-13
      1879   9.8998E-14
      1881   1.0828E-13
      1882   1.1141E-13
      1883   1.1537E-13
      1885   1.1451E-13
      1886   1.0865E-13
      1888   1.1285E-13
      1889   1.1283E-13
      1890   1.1143E-13
      1892   1.1152E-13
      1893   1.1618E-13
      1894   1.1113E-13
      1896   1.0823E-13
      1897   1.0027E-13
      1899   9.6621E-14
      1900   9.9420E-14
      1901   1.1212E-13
      1903   1.1319E-13
      1904   1.1327E-13
      1905   1.1766E-13
      1907   1.1758E-13
      1908   1.1409E-13
      1910   1.2070E-13
      1911   1.2254E-13
      1912   1.2321E-13
      1914   1.2939E-13
      1915   1.2591E-13
      1916   1.2657E-13
      1918   1.3331E-13
      1919   1.3441E-13
      1921   1.3100E-13
      1922   1.2996E-13
      1923   1.2388E-13
      1925   1.2517E-13
      1926   1.2309E-13
      1927   1.0916E-13
      1929   9.0652E-14
      1930   9.7722E-14
      1932   1.1094E-13
      1933   1.1587E-13
      1934   1.1727E-13
      1936   1.2601E-13
      1937   1.4165E-13
      1938   1.3984E-13
      1940   1.4376E-13
      1941   1.4785E-13
      1942   1.4318E-13
      1944   1.4052E-13
      1945   1.4223E-13
      1947   1.4632E-13
      1948   1.4230E-13
      1949   1.3891E-13
      1951   1.3545E-13
      1952   1.4601E-13
      1953   1.3994E-13
      1955   1.3945E-13
      1956   1.4070E-13
      1958   1.4437E-13
      1959   1.3683E-13
      1960   1.3778E-13
      1962   1.3967E-13
      1963   1.4902E-13
      1964   1.5493E-13
      1966   1.5626E-13
      1967   1.5868E-13
      1969   1.5686E-13
      1970   1.5245E-13
      1971   1.5011E-13
      1973   1.4641E-13
      1974   1.4569E-13
      1975   1.4547E-13
      1977   1.4062E-13
      1978   1.4340E-13
      1980   1.4676E-13
      1981   1.4790E-13
      1982   1.4542E-13
      1984   1.4304E-13
      1985   1.4232E-13
      1986   1.3999E-13
      1988   1.3801E-13
      1989   1.4610E-13
      1991   1.5116E-13
      1992   1.4994E-13
      1993   1.5077E-13
      1995   1.5371E-13
      1996   1.5522E-13
      1997   1.4982E-13
      1999   1.4916E-13
      2000   1.5386E-13
      2002   1.5492E-13
      2003   1.4960E-13
      2004   1.5591E-13
      2006   1.5087E-13
      2007   1.5733E-13
      2008   1.5794E-13
      2010   1.4964E-13
      2011   1.5879E-13
      2013   1.6092E-13
      2014   1.6171E-13
      2015   1.5919E-13
      2017   1.6320E-13
      2018   1.5725E-13
      2019   1.5487E-13
      2021   1.5385E-13
      2022   1.5374E-13
      2024   1.4291E-13
      2025   1.3623E-13
      2026   1.5770E-13
      2028   1.6528E-13
      2029   1.7127E-13
      2030   1.7017E-13
      2032   1.6180E-13
      2033   1.6524E-13
      2035   1.6721E-13
      2036   1.7278E-13
      2037   1.6798E-13
      2039   1.6863E-13
      2040   1.7472E-13
      2041   1.8406E-13
      2043   1.8218E-13
      2044   1.8608E-13
      2046   1.8970E-13
      2047   1.9254E-13
      2048   1.9094E-13
      2050   1.8827E-13
      2051   1.8904E-13
      2052   1.7978E-13
      2054   1.6431E-13
      2055   1.6613E-13
      2057   1.7100E-13
      2058   1.7389E-13
      2059   1.7542E-13
      2061   1.6605E-13
      2062   1.7593E-13
      2063   1.7988E-13
      2065   1.7819E-13
      2066   1.8324E-13
      2067   1.9079E-13
      2069   1.9315E-13
      2070   1.9881E-13
      2072   1.9961E-13
      2073   2.0313E-13
      2074   2.0857E-13
      2076   2.0549E-13
      2077   2.0402E-13
      2078   2.0267E-13
      2080   1.9414E-13
      2081   1.9427E-13
      2083   1.9565E-13
      2084   1.9976E-13
      2085   2.0611E-13
      2087   2.0308E-13
      2088   2.0184E-13
      2089   1.9996E-13
      2091   2.0201E-13
      2092   1.9586E-13
      2094   1.9397E-13
      2095   2.0144E-13
      2096   2.0063E-13
      2098   2.0085E-13
      2099   1.9468E-13
      2100   1.9811E-13
      2102   1.9204E-13
      2103   2.0410E-13
      2105   2.0559E-13
      2106   1.9396E-13
      2107   1.8626E-13
      2109   1.8604E-13
      2110   1.9203E-13
      2111   1.9044E-13
      2113   1.9225E-13
      2114   2.0707E-13
      2116   2.1432E-13
      2117   2.1407E-13
      2118   2.1478E-13
      2120   2.0965E-13
      2121   1.8628E-13
      2122   1.6358E-13
      2124   1.7150E-13
      2125   1.9626E-13
      2127   1.9569E-13
      2128   1.8819E-13
      2129   1.8017E-13
      2131   1.7384E-13
      2132   1.6755E-13
      2133   1.6567E-13
      2135   1.8232E-13
      2136   1.9231E-13
      2138   1.8851E-13
      2139   1.9731E-13
      2140   2.0726E-13
      2142   2.0944E-13
      2143   2.0657E-13
      2144   2.0293E-13
      2146   1.9911E-13
      2147   2.0172E-13
      2149   1.9916E-13
      2150   1.9121E-13
      2151   2.0393E-13
      2153   2.0629E-13
      2154   2.0333E-13
      2155   2.0185E-13
      2157   1.8885E-13
      2158   1.8119E-13
      2160   1.9462E-13
      2161   2.0215E-13
      2162   2.0103E-13
      2164   1.8799E-13
      2165   1.7932E-13
      2166   1.8858E-13
      2168   1.9437E-13
      2169   1.9987E-13
      2171   1.9838E-13
      2172   1.9521E-13
      2173   1.8844E-13
      2175   1.9289E-13
      2176   1.9668E-13
      2177   2.1354E-13
      2179   2.2506E-13
      2180   2.3411E-13
      2182   2.2635E-13
      2183   2.1601E-13
      2184   2.1557E-13
      2186   2.0286E-13
      2187   2.1650E-13
      2188   2.2268E-13
      2190   2.2407E-13
      2191   2.3039E-13
      2193   2.4395E-13
      2194   2.4442E-13
      2195   2.4095E-13
      2197   2.4544E-13
      2198   2.3901E-13
      2199   2.2583E-13
      2201   2.3954E-13
      2202   2.4734E-13
      2204   2.4170E-13
      2205   2.2484E-13
      2206   2.1478E-13
      2208   2.0546E-13
      2209   1.8614E-13
      2210   1.9389E-13
      2212   2.1452E-13
      2213   2.1335E-13
      2215   2.0327E-13
      2216   1.9444E-13
      2217   2.1838E-13
      2219   2.2700E-13
      2220   2.2987E-13
      2221   2.2985E-13
      2223   2.2998E-13
      2224   2.2916E-13
      2226   2.2748E-13
      2227   2.3294E-13
      2228   2.4302E-13
      2230   2.4586E-13
      2231   2.5425E-13
      2232   2.5664E-13
      2234   2.5879E-13
      2235   2.5658E-13
      2237   2.5581E-13
      2238   2.5889E-13
      2239   2.4935E-13
      2241   2.3609E-13
      2242   2.3212E-13
      2243   2.2822E-13
      2245   2.3748E-13
      2246   2.3466E-13
      2248   2.2286E-13
      2249   2.2022E-13
      2250   2.2455E-13
      2252   2.1878E-13
      2253   2.1466E-13
      2254   2.2042E-13
      2256   2.3215E-13
      2257   2.2709E-13
      2259   2.1649E-13
      2260   2.2518E-13
      2261   2.3149E-13
      2263   2.2312E-13
      2264   2.1691E-13
      2265   2.1291E-13
      2267   2.1515E-13
      2268   2.2498E-13
      2270   2.2967E-13
      2271   2.3197E-13
      2272   2.3181E-13
      2274   2.2607E-13
      2275   2.2598E-13
      2276   2.3466E-13
      2278   2.3816E-13
      2279   2.4727E-13
      2281   2.5818E-13
      2282   2.4441E-13
      2283   2.5091E-13
      2285   2.4658E-13
      2286   2.3339E-13
      2287   2.4156E-13
      2289   2.3382E-13
      2290   2.3319E-13
      2292   2.3631E-13
      2293   2.3684E-13
      2294   2.3163E-13
      2296   2.1049E-13
      2297   2.0437E-13
      2298   2.1925E-13
      2300   2.2782E-13
      2301   2.3101E-13
      2303   2.3499E-13
      2304   2.5321E-13
      2305   2.5160E-13
      2307   2.4609E-13
      2308   2.4772E-13
      2309   2.3519E-13
      2311   2.1784E-13
      2312   2.2357E-13
      2313   2.3940E-13
      2315   2.4752E-13
      2316   2.4670E-13
      2318   2.4210E-13
      2319   2.3804E-13
      2320   2.5150E-13
      2322   2.5973E-13
      2323   2.4417E-13
      2324   2.2102E-13
      2326   2.2067E-13
      2327   2.4300E-13
      2329   2.3432E-13
      2330   2.0249E-13
      2331   1.9572E-13
      2333   2.1779E-13
      2334   2.3312E-13
      2335   2.1069E-13
      2337   1.9604E-13
      2338   2.1336E-13
      2340   2.1565E-13
      2341   1.8557E-13
      2342   1.4391E-13
      2344   1.5137E-13
      2345   1.6750E-13
      2346   1.7014E-13
      2348   2.0805E-13
      2349   2.3534E-13
      2351   2.4756E-13
      2352   2.4030E-13
      2353   2.2858E-13
      2355   2.4193E-13
      2356   2.3636E-13
      2357   1.9443E-13
      2359   1.7809E-13
      2360   2.1334E-13
      2362   2.2358E-13
      2363   2.0966E-13
      2364   2.1180E-13
      2366   2.2263E-13
      2367   2.3196E-13
      2368   2.4213E-13
      2370   2.4624E-13
      2371   2.2724E-13
      2373   2.0278E-13
      2374   2.2260E-13
      2375   2.4308E-13
      2377   2.2043E-13
      2378   1.8168E-13
      2379   1.4171E-13
      2381   1.1244E-13
      2382   1.5379E-13
      2384   2.0596E-13
      2385   2.2237E-13
      2386   1.9122E-13
      2388   1.9588E-13
      2389   2.3736E-13
      2390   2.4535E-13
      2392   2.3106E-13
      2393   1.7755E-13
      2395   1.6224E-13
      2396   1.9707E-13
      2397   1.9188E-13
      2399   2.0618E-13
      2400   2.2929E-13
      2401   2.1145E-13
      2403   1.6714E-13
      2404   1.5191E-13
      2406   1.7563E-13
      2407   2.0342E-13
      2408   1.8549E-13
      2410   1.6231E-13
      2411   1.9172E-13
      2412   2.0821E-13
      2414   2.3943E-13
      2415   2.4898E-13
      2417   2.5984E-13
      2418   2.7189E-13
      2419   2.8488E-13
      2421   2.7966E-13
      2422   2.5496E-13
      2423   2.5546E-13
      2425   2.7375E-13
      2426   2.7371E-13
      2428   2.6235E-13
      2429   2.6847E-13
      2430   2.7101E-13
      2432   2.5441E-13
      2433   2.3959E-13
      2434   2.3627E-13
      2436   2.4808E-13
      2437   2.5422E-13
      2439   2.5840E-13
      2440   2.7846E-13
      2441   2.8050E-13
      2443   2.6789E-13
      2444   2.6191E-13
      2445   2.6126E-13
      2447   2.6482E-13
      2448   2.5677E-13
      2450   2.4718E-13
      2451   2.5105E-13
      2452   2.5507E-13
      2454   2.6379E-13
      2455   2.6868E-13
      2456   2.7274E-13
      2458   2.6512E-13
      2459   2.5447E-13
      2461   2.3883E-13
      2462   2.4178E-13
      2463   2.5149E-13
      2465   2.5280E-13
      2466   2.5253E-13
      2467   2.6019E-13
      2469   2.5763E-13
      2470   2.5140E-13
      2472   2.4217E-13
      2473   2.6125E-13
      2474   2.5434E-13
      2476   2.4391E-13
      2477   2.3497E-13
      2478   2.4152E-13
      2480   2.5278E-13
      2481   2.2148E-13
      2483   2.0848E-13
      2484   2.3960E-13
      2485   2.3820E-13
      2487   2.1382E-13
      2488   1.9697E-13
      2489   1.9996E-13
      2491   2.2240E-13
      2492   2.5119E-13
      2494   2.7717E-13
      2495   2.7965E-13
      2496   2.7784E-13
      2498   2.8236E-13
      2499   2.7675E-13
      2500   2.5589E-13
      2502   2.6459E-13
      2503   2.5550E-13
      2505   2.2185E-13
      2506   2.2314E-13
      2507   2.6884E-13
      2509   2.6972E-13
      2510   2.4046E-13
      2511   2.2247E-13
      2513   1.8017E-13
      2514   1.5815E-13
      2516   1.6322E-13
      2517   1.8601E-13
      2518   1.9766E-13
      2520   2.1358E-13
      2521   1.8778E-13
      2522   1.6474E-13
      2524   1.7402E-13
      2525   1.8000E-13
      2527   1.5669E-13
      2528   1.6108E-13
      2529   2.1569E-13
      2531   2.3580E-13
      2532   2.2858E-13
      2533   2.1987E-13
      2535   2.1362E-13
      2536   2.1859E-13
      2538   2.2042E-13
      2539   2.2969E-13
      2540   2.2765E-13
      2542   2.4133E-13
      2543   2.3583E-13
      2544   2.2871E-13
      2546   2.3106E-13
      2547   2.1571E-13
      2549   2.2327E-13
      2550   2.6821E-13
      2551   2.8286E-13
      2553   2.8809E-13
      2554   2.8390E-13
      2555   2.8362E-13
      2557   2.9372E-13
      2558   2.8979E-13
      2560   2.7762E-13
      2561   2.4695E-13
      2562   2.5250E-13
      2564   2.9694E-13
      2565   3.0010E-13
      2566   2.9705E-13
      2568   3.0076E-13
      2569   3.0331E-13
      2570   3.0289E-13
      2572   3.0820E-13
      2573   2.9341E-13
      2575   2.7347E-13
      2576   2.8641E-13
      2577   3.0832E-13
      2579   3.1483E-13
      2580   3.0520E-13
      2581   2.9086E-13
      2583   2.8473E-13
      2584   2.4184E-13
      2586   2.8009E-13
      2587   3.1102E-13
      2588   3.3233E-13
      2590   3.0936E-13
      2591   2.9594E-13
      2592   2.9029E-13
      2594   3.1068E-13
      2595   2.6732E-13
      2597   1.8335E-13
      2598   1.6549E-13
      2599   2.5746E-13
      2601   3.0275E-13
      2602   2.9787E-13
      2603   2.5738E-13
      2605   2.1813E-13
      2606   2.3682E-13
      2608   2.7076E-13
      2609   2.4402E-13
      2610   1.9971E-13
      2612   2.2052E-13
      2613   2.6506E-13
      2614   3.0727E-13
      2616   2.7667E-13
      2617   2.8845E-13
      2619   3.0079E-13
      2620   2.9635E-13
      2621   3.0906E-13
      2623   2.9822E-13
      2624   2.6513E-13
      2625   2.7107E-13
      2627   2.4949E-13
      2628   2.3859E-13
      2630   2.1035E-13
      2631   2.6681E-13
      2632   3.2825E-13
      2634   3.4612E-13
      2635   3.5672E-13
      2636   3.6862E-13
      2638   3.7381E-13
      2639   3.7444E-13
      2641   3.8301E-13
      2642   3.8266E-13
      2643   3.7658E-13
      2645   3.7518E-13
      2646   3.7793E-13
      2647   3.7736E-13
      2649   3.8323E-13
      2650   3.7852E-13
      2652   3.7708E-13
      2653   3.8917E-13
      2654   3.9021E-13
      2656   3.8265E-13
      2657   3.7185E-13
      2658   3.7404E-13
      2660   3.5579E-13
      2661   3.4141E-13
      2663   3.3654E-13
      2664   3.4689E-13
      2665   3.3714E-13
      2667   3.4244E-13
      2668   3.4805E-13
      2669   3.5866E-13
      2671   3.5721E-13
      2672   3.7354E-13
      2674   3.8074E-13
      2675   3.6626E-13
      2676   3.4570E-13
      2678   3.4505E-13
      2679   3.6695E-13
      2680   3.7063E-13
      2682   3.6929E-13
      2683   3.6938E-13
      2685   3.7109E-13
      2686   3.5630E-13
      2687   3.4062E-13
      2689   3.4073E-13
      2690   3.5146E-13
      2691   3.5452E-13
      2693   3.5298E-13
      2694   3.4724E-13
      2695   3.4645E-13
      2697   3.4545E-13
      2698   3.6737E-13
      2700   3.6072E-13
      2701   3.6906E-13
      2702   3.7073E-13
      2704   3.5957E-13
      2705   3.4578E-13
      2706   3.5022E-13
      2708   3.4428E-13
      2709   3.4531E-13
      2711   3.4452E-13
      2712   3.4465E-13
      2713   3.3282E-13
      2715   3.4184E-13
      2716   3.3409E-13
      2717   3.2730E-13
      2719   3.3275E-13
      2720   3.4132E-13
      2722   3.3561E-13
      2723   3.3032E-13
      2724   3.3024E-13
      2726   3.2548E-13
      2727   3.4981E-13
      2728   3.6045E-13
      2730   3.5265E-13
      2731   3.3860E-13
      2733   3.3131E-13
      2734   3.2200E-13
      2735   2.9838E-13
      2737   3.0604E-13
      2738   2.8853E-13
      2739   2.9954E-13
      2741   2.7185E-13
      2742   2.8315E-13
      2744   2.9130E-13
      2745   2.5248E-13
      2746   2.7277E-13
      2748   2.5098E-13
      2749   2.9253E-13
      2750   3.2828E-13
      2752   3.1574E-13
      2753   2.8391E-13
      2755   2.7694E-13
      2756   3.3030E-13
      2757   3.5053E-13
      2759   3.4069E-13
      2760   3.2980E-13
      2761   3.3767E-13
      2763   3.5561E-13
      2764   3.4948E-13
      2766   3.4049E-13
      2767   3.3667E-13
      2768   3.5004E-13
      2770   3.5650E-13
      2771   3.6162E-13
      2772   3.6642E-13
      2774   3.4796E-13
      2775   3.3556E-13
      2777   3.1824E-13
      2778   3.1404E-13
      2779   3.1909E-13
      2781   3.2373E-13
      2782   3.2492E-13
      2783   3.3149E-13
      2785   3.2045E-13
      2786   2.8906E-13
      2787   2.5112E-13
      2789   1.9693E-13
      2790   1.4189E-13
      2792   8.7900E-14
      2793   5.8948E-14
      2794   5.3942E-14
      2796   6.8648E-14
      2797   9.1959E-14
      2798   9.1401E-14
      2800   6.9019E-14
      2801   7.0631E-14
      2803   1.0979E-13
      2804   1.7868E-13
      2805   2.4594E-13
      2807   2.9516E-13
      2808   3.1306E-13
      2809   3.2480E-13
      2811   3.4162E-13
      2812   3.5889E-13
      2814   3.7084E-13
      2815   3.7163E-13
      2816   3.7569E-13
      2818   3.8399E-13
      2819   3.8414E-13
      2820   3.8662E-13
      2822   3.8960E-13
      2823   3.8646E-13
      2825   3.8264E-13
      2826   3.8400E-13
      2827   3.8394E-13
      2829   3.8558E-13
      2830   3.8232E-13
      2831   3.8395E-13
      2833   3.7190E-13
      2834   3.6228E-13
      2836   3.8301E-13
      2837   3.7919E-13
      2838   3.6585E-13
      2840   3.7098E-13
      2841   3.6192E-13
      2842   3.6157E-13
      2844   3.6706E-13
      2845   3.5882E-13
      2846   3.2883E-13
      2848   2.8867E-13
      2849   2.2044E-13
      2851   2.0780E-13
      2852   2.9045E-13
      2853   3.3573E-13
      2855   3.5146E-13
      2856   3.6653E-13
      2857   3.8655E-13
      2859   3.9239E-13
      2860   3.8339E-13
      2862   3.8515E-13
      2863   3.8262E-13
      2864   3.7277E-13
      2866   3.6865E-13
      2867   3.7088E-13
      2868   3.8656E-13
      2870   3.9570E-13
      2871   3.8885E-13
      2873   3.7903E-13
      2874   3.7144E-13
      2875   3.7154E-13
      2877   3.6631E-13
      2878   3.3912E-13
      2879   2.9884E-13
      2881   3.5135E-13
      2882   3.9339E-13
      2884   4.0676E-13
      2885   4.0606E-13
      2886   3.9301E-13
      2888   3.8420E-13
      2889   3.8864E-13
      2890   3.7391E-13
      2892   3.7913E-13
      2893   3.9525E-13
      2895   4.0874E-13
      2896   4.1668E-13
      2897   4.2426E-13
      2899   4.3395E-13
      2900   4.3154E-13
      2901   4.3982E-13
      2903   4.4566E-13
      2904   4.3144E-13
      2905   4.1397E-13
      2907   4.0843E-13
      2908   4.0372E-13
      2910   4.1644E-13
      2911   4.3099E-13
      2912   4.3131E-13
      2914   4.2525E-13
      2915   4.2384E-13
      2916   4.2284E-13
      2918   4.2399E-13
      2919   4.1888E-13
      2921   4.1178E-13
      2922   3.9348E-13
      2923   3.9963E-13
      2925   4.0103E-13
      2926   3.9655E-13
      2927   4.0062E-13
      2929   4.3199E-13
      2930   4.3098E-13
      2932   4.2863E-13
      2933   4.2152E-13
      2934   3.9505E-13
      2936   3.9767E-13
      2937   4.0754E-13
      2938   4.1648E-13
      2940   4.1524E-13
      2941   4.2586E-13
      2943   4.0980E-13
      2944   4.2236E-13
      2945   3.9945E-13
      2947   3.9197E-13
      2948   4.1693E-13
      2949   4.2943E-13
      2951   4.1855E-13
      2952   4.0877E-13
      2953   4.3748E-13
      2955   4.3239E-13
      2956   4.3717E-13
      2958   4.3332E-13
      2959   4.3806E-13
      2960   4.4690E-13
      2962   4.2621E-13
      2963   4.0034E-13
      2964   4.0172E-13
      2966   4.1064E-13
      2967   3.9628E-13
      2969   3.9153E-13
      2970   4.1797E-13
      2971   4.2178E-13
      2973   4.4298E-13
      2974   4.3743E-13
      2975   4.5208E-13
      2977   4.4114E-13
      2978   4.2243E-13
      2980   4.1355E-13
      2981   4.0875E-13
      2982   3.8605E-13
      2984   3.8867E-13
      2985   4.0836E-13
      2986   4.2783E-13
      2988   4.4765E-13
      2989   4.5277E-13
      2990   4.4556E-13
      2992   4.3698E-13
      2993   4.3971E-13
      2995   4.5365E-13
      2996   4.5092E-13
      2997   4.2300E-13
      2999   4.0777E-13
      3000   4.0466E-13
      3001   4.1561E-13
      3003   4.4520E-13
      3004   4.4195E-13
      3006   4.2589E-13
      3007   4.3911E-13
      3008   4.5226E-13
      3010   4.5008E-13
      3011   4.5126E-13
      3012   4.4072E-13
      3014   4.2993E-13
      3015   4.1730E-13
      3017   4.0748E-13
      3018   3.7797E-13
      3019   3.9084E-13
      3021   4.4743E-13
      3022   4.4570E-13
      3023   4.3371E-13
      3025   4.4705E-13
      3026   4.6349E-13
      3027   4.4865E-13
      3029   4.3751E-13
      3030   4.4411E-13
      3032   4.5522E-13
      3033   4.5815E-13
      3034   4.5146E-13
      3036   4.3854E-13
      3037   4.5553E-13
      3038   4.4253E-13
      3040   4.3132E-13
      3041   4.4395E-13
      3043   4.5183E-13
      3044   4.5261E-13
      3045   4.4090E-13
      3047   4.5047E-13
      3048   4.6238E-13
      3049   4.6523E-13
      3051   4.6438E-13
      3052   4.5037E-13
      3054   4.4644E-13
      3055   4.2255E-13
      3056   4.1160E-13
      3058   4.3107E-13
      3059   4.4911E-13
      3060   4.4325E-13
      3062   4.2828E-13
      3063   4.1155E-13
      3064   3.9435E-13
      3066   4.2068E-13
      3069   4.3354E-13
      3071   4.3585E-13
      3074   4.3897E-13
      3077   4.4131E-13
      3080   4.4989E-13
      3082   4.4750E-13
      3085   4.2960E-13
      3088   4.1319E-13
      3091   4.0990E-13
      3093   4.1224E-13
      3096   4.0436E-13
      3099   4.0989E-13
      3102   4.3215E-13
      3104   4.4849E-13
      3107   4.5645E-13
      3110   4.5883E-13
      3113   4.5115E-13
      3115   4.3198E-13
      3118   4.2883E-13
      3121   4.3701E-13
      3123   4.3839E-13
      3126   4.4414E-13
      3129   4.4309E-13
      3132   4.5024E-13
      3134   4.5135E-13
      3137   4.5067E-13
      3140   4.3602E-13
      3143   4.3300E-13
      3145   4.5358E-13
      3148   4.5788E-13
      3151   4.4740E-13
      3154   4.3555E-13
      3156   4.2405E-13
      3159   4.2922E-13
      3162   4.4847E-13
      3165   4.5772E-13
      3167   4.7094E-13
      3170   4.7870E-13
      3173   4.6728E-13
      3176   4.3919E-13
      3178   4.2432E-13
      3181   4.3741E-13
      3184   4.5004E-13
      3187   4.5066E-13
      3189   4.3677E-13
      3192   4.4323E-13
      3195   4.5697E-13
      3198   4.6900E-13
      3200   4.7707E-13
      3203   4.7895E-13
      3206   4.6405E-13
      3209   4.4060E-13
      3211   4.3665E-13
      3214   4.4865E-13
      3217   4.6091E-13
      3220   4.6101E-13
      3222   4.5185E-13
      3225   4.3528E-13
      3228   4.3335E-13
      3231   4.3335E-13
      3233   4.3548E-13
      3236   4.5281E-13
      3239   4.6232E-13
      3242   4.6745E-13
      3244   4.6350E-13
      3247   4.5955E-13
      3250   4.6457E-13
      3253   4.7828E-13
      3255   4.9400E-13
      3258   4.9244E-13
      3261   4.9235E-13
      3264   4.9024E-13
      3266   4.9310E-13
      3269   4.8710E-13
      3272   4.8145E-13
      3275   4.7254E-13
      3277   4.7754E-13
      3280   4.8909E-13
      3283   4.8777E-13
      3286   4.8809E-13
      3288   5.0247E-13
      3291   5.0990E-13
      3294   5.1139E-13
      3297   5.1117E-13
      3299   5.0565E-13
      3302   4.9769E-13
      3305   4.9562E-13
      3308   5.0478E-13
      3310   5.0561E-13
      3313   4.9952E-13
      3316   4.9771E-13
      3319   4.8975E-13
      3321   4.8801E-13
      3324   4.9192E-13
      3327   4.9180E-13
      3330   4.9574E-13
      3332   4.9024E-13
      3335   4.8620E-13
      3338   4.8242E-13
      3341   4.9018E-13
      3343   4.9021E-13
      3346   4.7251E-13
      3349   4.8698E-13
      3351   4.9850E-13
      3354   4.9742E-13
      3357   4.7804E-13
      3360   4.7958E-13
      3362   4.9401E-13
      3365   4.8339E-13
      3368   4.7031E-13
      3371   4.7808E-13
      3373   4.9740E-13
      3376   4.8011E-13
      3379   4.7748E-13
      3382   4.9136E-13
      3384   4.9806E-13
      3387   4.9552E-13
      3390   4.8471E-13
      3393   4.9567E-13
      3395   5.1502E-13
      3398   5.1003E-13
      3401   4.9375E-13
      3404   4.8755E-13
      3406   4.8897E-13
      3409   4.9053E-13
      3412   4.8976E-13
      3415   5.0175E-13
      3417   5.0790E-13
      3420   4.9988E-13
      3423   5.0140E-13
      3426   5.1001E-13
      3428   5.1620E-13
      3431   5.1290E-13
      3434   5.0789E-13
      3437   4.8813E-13
      3439   4.7377E-13
      3442   4.8248E-13
      3445   5.0243E-13
      3448   5.0469E-13
      3450   5.0140E-13
      3453   5.0862E-13
      3456   5.0143E-13
      3459   4.9832E-13
      3461   5.0529E-13
      3464   5.0766E-13
      3467   5.1264E-13
      3470   5.0242E-13
      3472   4.8718E-13
      3475   4.9741E-13
      3478   5.1257E-13
      3481   5.1089E-13
      3483   5.1059E-13
      3486   4.9780E-13
      3489   4.9039E-13
      3492   4.9286E-13
      3494   4.9385E-13
      3497   5.0436E-13
      3500   5.0797E-13
      3503   5.0489E-13
      3505   5.0324E-13
      3508   4.9599E-13
      3511   4.9335E-13
      3514   5.0248E-13
      3516   5.0435E-13
      3519   4.9514E-13
      3522   4.8581E-13
      3525   4.8654E-13
      3527   5.0534E-13
      3530   5.1115E-13
      3533   5.1596E-13
      3536   5.1882E-13
      3538   5.1800E-13
      3541   5.2499E-13
      3544   5.2914E-13
      3547   5.2889E-13
      3549   5.2571E-13
      3552   5.1940E-13
      3555   5.1528E-13
      3558   5.2158E-13
      3560   5.1769E-13
      3563   4.9898E-13
      3566   4.9037E-13
      3569   4.8074E-13
      3571   4.8888E-13
      3574   4.9811E-13
      3577   4.9791E-13
      3580   4.8812E-13
      3582   4.7383E-13
      3585   4.7151E-13
      3588   4.9549E-13
      3591   5.1207E-13
      3593   5.1692E-13
      3596   5.2243E-13
      3599   5.1694E-13
      3602   5.0296E-13
      3604   5.0179E-13
      3607   4.9873E-13
      3610   5.0371E-13
      3613   5.0717E-13
      3615   5.0126E-13
      3618   5.0352E-13
      3621   5.1555E-13
      3624   5.2512E-13
      3626   5.1717E-13
      3629   4.9870E-13
      3632   5.0752E-13
      3635   5.1764E-13
      3637   5.1880E-13
      3640   5.0923E-13
      3643   5.0823E-13
      3646   5.0909E-13
      3648   5.1606E-13
      3651   5.2875E-13
      3654   5.3688E-13
      3657   5.3834E-13
      3659   5.3837E-13
      3662   5.3724E-13
      3665   5.3490E-13
      3668   5.3253E-13
      3670   5.3829E-13
      3673   5.2905E-13
      3676   5.1792E-13
      3679   5.1840E-13
      3681   5.1595E-13
      3684   5.1275E-13
      3687   5.2578E-13
      3690   5.3822E-13
      3692   5.4021E-13
      3695   5.4246E-13
      3698   5.4684E-13
      3701   5.2609E-13
      3703   5.0939E-13
      3706   5.2170E-13
      3709   5.2243E-13
      3712   5.4656E-13
      3714   5.7054E-13
      3717   5.3053E-13
      3720   5.0347E-13
      3723   5.5009E-13
      3725   5.7567E-13
      3728   5.5481E-13
      3731   4.9647E-13
      3734   4.8841E-13
      3736   5.5739E-13
      3739   5.9227E-13
      3742   5.6954E-13
      3744   5.1858E-13
      3747   4.8023E-13
      3750   5.3533E-13
      3753   5.9654E-13
      3755   6.0833E-13
      3758   6.1029E-13
      3761   6.1306E-13
      3764   5.7905E-13
      3766   5.1831E-13
      3769   5.1595E-13
      3772   5.8811E-13
      3775   6.4775E-13
      3777   6.8148E-13
      3780   6.9276E-13
      3783   6.7708E-13
      3786   6.5893E-13
      3788   6.4007E-13
      3791   5.8476E-13
      3794   5.0960E-13
      3797   5.1203E-13
      3799   6.0146E-13
      3802   6.5410E-13
      3805   6.7392E-13
      3808   6.9552E-13
      3810   6.8335E-13
      3813   6.7667E-13
      3816   6.8463E-13
      3819   6.7168E-13
      3821   6.5676E-13
      3824   6.2523E-13
      3827   5.8642E-13
      3830   5.2191E-13
      3832   4.6903E-13
      3835   4.9854E-13
      3838   5.8105E-13
      3841   6.4842E-13
      3843   6.8465E-13
      3846   7.0581E-13
      3849   7.1805E-13
      3852   7.2481E-13
      3854   7.1548E-13
      3857   7.1597E-13
      3860   7.3074E-13
      3863   7.3677E-13
      3865   7.3990E-13
      3868   7.2211E-13
      3871   7.0150E-13
      3874   6.9348E-13
      3876   6.6906E-13
      3879   6.5623E-13
      3882   5.9849E-13
      3885   5.1080E-13
      3887   4.9975E-13
      3890   5.7535E-13
      3893   6.3147E-13
      3896   6.5292E-13
      3898   6.6992E-13
      3901   6.8094E-13
      3904   6.9268E-13
      3907   7.2208E-13
      3909   7.3123E-13
      3912   7.2338E-13
      3915   7.1334E-13
      3918   7.1009E-13
      3920   7.0260E-13
      3923   6.7343E-13
      3926   5.8725E-13
      3929   4.3888E-13
      3931   3.6180E-13
      3934   4.9223E-13
      3937   6.2700E-13
      3940   6.7933E-13
      3942   6.9464E-13
      3945   7.0394E-13
      3948   6.9992E-13
      3951   7.0062E-13
      3953   6.8797E-13
      3956   6.7003E-13
      3959   6.2915E-13
      3962   5.4073E-13
      3964   4.0079E-13
      3967   3.6254E-13
      3970   4.8439E-13
      3973   5.9410E-13
      3975   6.5517E-13
      3978   6.8789E-13
      3981   7.0243E-13
      3984   7.1890E-13
      3986   7.3195E-13
      3989   7.4153E-13
      3992   7.4304E-13
      3995   7.4099E-13
      3997   7.4777E-13
      4000   7.5118E-13
      4003   7.4351E-13
      4006   7.5228E-13
      4008   7.5811E-13
      4011   7.5837E-13
      4014   7.6654E-13
      4017   7.6799E-13
      4019   7.6471E-13
      4022   7.6123E-13
      4025   7.5953E-13
      4028   7.4283E-13
      4030   7.4196E-13
      4033   7.5508E-13
      4036   7.6743E-13
      4039   7.6274E-13
      4041   7.5083E-13
      4044   7.4624E-13
      4047   7.6088E-13
      4050   7.6272E-13
      4052   7.5373E-13
      4055   7.5003E-13
      4058   7.4994E-13
      4061   7.3814E-13
      4063   7.3851E-13
      4066   7.4059E-13
      4069   7.3771E-13
      4072   7.3507E-13
      4074   7.2577E-13
      4077   7.3124E-13
      4080   7.3704E-13
      4083   7.3063E-13
      4085   7.2830E-13
      4088   7.1627E-13
      4091   6.8902E-13
      4094   6.4480E-13
      4096   5.7028E-13
      4099   5.1469E-13
      4102   5.7866E-13
      4105   6.4552E-13
      4107   6.8328E-13
      4110   7.0987E-13
      4113   7.2440E-13
      4116   7.2932E-13
      4118   7.3310E-13
      4121   7.4271E-13
      4124   7.4622E-13
      4127   7.4307E-13
      4129   7.3898E-13
      4132   7.4760E-13
      4135   7.5700E-13
      4138   7.5982E-13
      4140   7.5009E-13
      4143   7.5317E-13
      4146   7.5514E-13
      4149   7.5496E-13
      4151   7.4746E-13
      4154   7.4852E-13
      4157   7.5221E-13
      4160   7.5832E-13
      4162   7.5596E-13
      4165   7.5258E-13
      4168   7.4689E-13
      4171   7.3682E-13
      4173   7.3642E-13
      4176   7.4314E-13
      4179   7.4403E-13
      4182   7.4333E-13
      4184   7.3899E-13
      4187   7.4639E-13
      4190   7.5044E-13
      4193   7.4803E-13
      4195   7.3508E-13
      4198   7.3454E-13
      4201   7.3670E-13
      4204   7.4785E-13
      4206   7.4891E-13
      4209   7.4762E-13
      4212   7.3951E-13
      4215   7.3521E-13
      4217   7.4200E-13
      4220   7.3244E-13
      4223   7.1158E-13
      4226   7.1743E-13
      4228   7.3664E-13
      4231   7.3161E-13
      4234   7.3242E-13
      4236   7.4101E-13
      4239   7.4605E-13
      4242   7.4145E-13
      4245   7.2763E-13
      4247   7.2694E-13
      4250   7.3421E-13
      4253   7.3948E-13
      4256   7.3698E-13
      4258   7.3825E-13
      4261   7.4673E-13
      4264   7.4225E-13
      4267   7.2981E-13
      4269   7.1819E-13
      4272   7.2760E-13
      4275   7.3614E-13
      4278   7.3150E-13
      4280   7.2287E-13
      4283   7.1770E-13
      4286   7.0481E-13
      4289   7.0287E-13
      4291   7.0639E-13
      4294   6.9719E-13
      4297   6.7637E-13
      4300   6.7213E-13
      4302   6.8106E-13
      4305   6.7692E-13
      4308   6.8406E-13
      4311   6.8962E-13
      4313   7.0073E-13
      4316   7.0556E-13
      4319   6.9881E-13
      4322   6.8605E-13
      4324   6.7884E-13
      4327   6.7916E-13
      4330   6.6094E-13
      4333   6.1479E-13
      4335   5.3803E-13
      4338   5.0204E-13
      4341   5.7320E-13
      4344   6.3635E-13
      4346   6.6451E-13
      4349   6.7468E-13
      4352   6.9478E-13
      4355   7.1142E-13
      4357   7.1794E-13
      4360   7.2565E-13
      4363   7.2730E-13
      4366   7.2097E-13
      4368   7.2068E-13
      4371   7.1581E-13
      4374   7.1850E-13
      4377   7.2415E-13
      4379   7.1437E-13
      4382   7.0931E-13
      4385   7.2077E-13
      4388   7.2383E-13
      4390   7.2269E-13
      4393   7.2009E-13
      4396   7.1987E-13
      4399   7.1495E-13
      4401   7.1774E-13
      4404   7.2240E-13
      4407   7.3084E-13
      4410   7.2994E-13
      4412   7.1939E-13
      4415   7.1957E-13
      4418   7.2735E-13
      4421   7.2730E-13
      4423   7.2581E-13
      4426   7.2873E-13
      4429   7.2966E-13
      4432   7.2252E-13
      4434   7.2726E-13
      4437   7.2861E-13
      4440   7.1839E-13
      4443   7.2076E-13
      4445   7.2656E-13
      4448   7.2345E-13
      4451   7.1530E-13
      4454   7.1444E-13
      4456   7.1765E-13
      4459   7.2052E-13
      4462   7.2226E-13
      4465   7.1566E-13
      4467   7.2042E-13
      4470   7.2840E-13
      4473   7.2701E-13
      4476   7.2761E-13
      4478   7.1916E-13
      4481   7.2240E-13
      4484   7.2933E-13
      4487   7.2886E-13
      4489   7.2706E-13
      4492   7.2564E-13
      4495   7.2665E-13
      4498   7.2578E-13
      4500   7.2922E-13
      4503   7.3289E-13
      4506   7.3059E-13
      4509   7.3102E-13
      4511   7.3184E-13
      4514   7.2909E-13
      4517   7.2593E-13
      4519   7.2004E-13
      4522   7.1699E-13
      4525   7.1031E-13
      4528   7.0560E-13
      4530   7.0273E-13
      4533   7.1099E-13
      4536   7.2265E-13
      4539   7.2445E-13
      4541   7.2225E-13
      4544   7.1437E-13
      4547   7.0738E-13
      4550   7.0860E-13
      4552   7.0860E-13
      4555   7.1820E-13
      4558   7.2072E-13
      4561   7.1874E-13
      4563   7.1938E-13
      4566   7.2102E-13
      4569   7.1461E-13
      4572   7.1949E-13
      4574   7.2040E-13
      4577   7.1786E-13
      4580   7.1381E-13
      4583   7.1226E-13
      4585   7.1465E-13
      4588   7.1469E-13
      4591   7.1899E-13
      4594   7.2046E-13
      4596   7.2093E-13
      4599   7.1858E-13
      4602   7.1955E-13
      4605   7.2026E-13
      4607   7.1822E-13
      4610   7.1666E-13
      4613   7.1803E-13
      4616   7.1969E-13
      4618   7.1862E-13
      4621   7.1847E-13
      4624   7.1973E-13
      4627   7.1874E-13
      4629   7.1911E-13
      4632   7.1707E-13
      4635   7.1653E-13
      4638   7.1664E-13
      4640   7.1761E-13
      4643   7.1036E-13
      4646   7.1213E-13
      4649   7.1379E-13
      4651   7.0875E-13
      4654   7.1109E-13
      4657   7.1422E-13
      4660   7.1481E-13
      4662   7.1103E-13
      4665   7.0989E-13
      4668   7.1057E-13
      4671   7.1341E-13
      4673   7.1250E-13
      4676   7.1061E-13
      4679   7.0914E-13
      4682   7.1278E-13
      4684   7.1214E-13
      4687   7.1095E-13
      4690   7.1107E-13
      4693   7.1042E-13
      4695   7.0990E-13
      4698   7.0325E-13
      4701   6.9941E-13
      4703   7.0291E-13
      4706   7.0477E-13
      4709   7.0678E-13
      4712   7.0527E-13
      4714   7.0441E-13
      4717   7.0487E-13
      4720   7.0865E-13
      4723   7.0476E-13
      4725   7.0292E-13
      4728   7.0216E-13
      4731   7.0133E-13
      4734   7.0181E-13
      4736   7.0168E-13
      4739   7.0328E-13
      4742   7.0279E-13
      4745   7.0442E-13
      4747   7.0305E-13
      4750   7.0147E-13
      4753   6.9977E-13
      4756   6.9811E-13
      4758   6.9635E-13
      4761   6.9586E-13
      4764   6.9682E-13
      4767   6.9708E-13
      4769   6.9780E-13
      4772   6.9751E-13
      4775   6.9658E-13
      4778   6.9190E-13
      4780   6.9080E-13
      4783   6.9178E-13
      4786   6.9044E-13
      4789   6.8861E-13
      4791   6.9120E-13
      4794   6.9018E-13
      4797   6.8895E-13
      4800   6.8964E-13
      4802   6.8384E-13
      4805   6.8525E-13
      4808   6.8563E-13
      4811   6.8502E-13
      4813   6.8339E-13
      4816   6.8304E-13
      4819   6.7958E-13
      4822   6.7919E-13
      4824   6.8188E-13
      4827   6.7701E-13
      4830   6.7781E-13
      4833   6.7382E-13
      4835   6.6692E-13
      4838   6.6766E-13
      4841   6.6559E-13
      4843   6.5805E-13
      4846   6.4712E-13
      4849   6.3150E-13
      4852   6.0245E-13
      4854   5.5071E-13
      4857   4.8357E-13
      4860   5.0740E-13
      4863   5.7133E-13
      4865   6.0494E-13
      4868   6.1976E-13
      4871   6.3780E-13
      4874   6.4371E-13
      4876   6.5389E-13
      4879   6.5996E-13
      4882   6.6207E-13
      4885   6.5987E-13
      4887   6.5529E-13
      4890   6.6241E-13
      4893   6.7123E-13
      4896   6.7314E-13
      4898   6.7167E-13
      4901   6.7232E-13
      4904   6.7380E-13
      4907   6.7206E-13
      4909   6.7061E-13
      4912   6.6821E-13
      4915   6.6240E-13
      4918   6.5710E-13
      4920   6.6038E-13
      4923   6.6932E-13
      4926   6.7185E-13
      4929   6.6910E-13
      4931   6.6486E-13
      4934   6.6814E-13
      4937   6.6945E-13
      4940   6.7455E-13
      4942   6.7427E-13
      4945   6.7466E-13
      4948   6.7678E-13
      4951   6.7119E-13
      4953   6.5891E-13
      4956   6.6283E-13
      4959   6.7019E-13
      4961   6.6982E-13
      4964   6.7197E-13
      4967   6.7382E-13
      4970   6.7128E-13
      4972   6.6948E-13
      4975   6.6716E-13
      4978   6.5967E-13
      4981   6.5748E-13
      4983   6.6463E-13
      4986   6.6591E-13
      4989   6.6210E-13
      4992   6.6334E-13
      4994   6.6637E-13
      4997   6.6153E-13
      5000   6.6009E-13
      5003   6.5410E-13
      5005   6.5631E-13
      5008   6.5596E-13
      5011   6.5222E-13
      5014   6.5043E-13
      5016   6.5484E-13
      5019   6.6156E-13
      5022   6.6414E-13
      5025   6.6187E-13
      5027   6.6436E-13
      5030   6.6404E-13
      5033   6.5981E-13
      5036   6.5488E-13
      5038   6.5090E-13
      5041   6.5582E-13
      5044   6.6052E-13
      5047   6.5545E-13
      5049   6.5810E-13
      5052   6.6142E-13
      5055   6.6199E-13
      5058   6.5654E-13
      5060   6.5506E-13
      5063   6.5367E-13
      5066   6.5543E-13
      5068   6.5825E-13
      5071   6.5612E-13
      5074   6.5366E-13
      5077   6.4988E-13
      5079   6.5058E-13
      5082   6.5396E-13
      5085   6.5524E-13
      5088   6.5630E-13
      5090   6.5586E-13
      5093   6.5214E-13
      5096   6.5032E-13
      5099   6.5125E-13
      5101   6.5002E-13
      5104   6.4683E-13
      5107   6.4782E-13
      5110   6.4992E-13
      5112   6.5347E-13
      5115   6.5310E-13
      5118   6.5028E-13
      5121   6.4597E-13
      5123   6.4413E-13
      5126   6.4411E-13
      5129   6.4649E-13
      5132   6.4359E-13
      5134   6.3914E-13
      5137   6.3723E-13
      5140   6.4024E-13
      5143   6.4203E-13
      5145   6.4176E-13
      5148   6.4417E-13
      5151   6.4401E-13
      5153   6.4459E-13
      5156   6.4373E-13
      5159   6.3559E-13
      5162   6.2081E-13
      5164   5.9824E-13
      5167   6.0329E-13
      5170   6.1063E-13
      5173   6.2838E-13
      5175   6.3115E-13
      5178   6.1821E-13
      5181   6.0988E-13
      5184   6.2217E-13
      5186   6.2403E-13
      5189   6.2490E-13
      5192   6.2935E-13
      5195   6.3258E-13
      5197   6.3307E-13
      5200   6.2610E-13
      5203   6.2286E-13
      5206   6.2596E-13
      5208   6.3198E-13
      5211   6.3615E-13
      5214   6.3702E-13
      5217   6.3866E-13
      5219   6.3671E-13
      5222   6.2553E-13
      5225   6.2336E-13
      5227   6.2863E-13
      5230   6.2826E-13
      5233   6.3411E-13
      5236   6.3948E-13
      5238   6.3844E-13
      5241   6.3874E-13
      5244   6.3537E-13
      5247   6.3370E-13
      5249   6.3515E-13
      5252   6.3614E-13
      5255   6.3306E-13
      5258   6.2600E-13
      5260   6.1709E-13
      5263   6.1033E-13
      5266   6.0509E-13
      5269   6.1584E-13
      5271   6.2183E-13
      5274   6.2755E-13
      5277   6.2631E-13
      5280   6.2609E-13
      5282   6.2902E-13
      5285   6.3288E-13
      5288   6.3281E-13
      5291   6.3154E-13
      5293   6.2720E-13
      5296   6.2991E-13
      5299   6.2859E-13
      5301   6.2998E-13
      5304   6.3011E-13
      5307   6.2915E-13
      5310   6.2554E-13
      5312   6.2212E-13
      5315   6.2505E-13
      5318   6.2349E-13
      5321   6.1543E-13
      5323   6.0744E-13
      5326   6.1170E-13
      5329   6.2083E-13
      5332   6.2239E-13
      5334   6.1876E-13
      5337   6.1644E-13
      5340   6.2005E-13
      5343   6.2086E-13
      5345   6.2044E-13
      5348   6.2338E-13
      5351   6.2642E-13
      5354   6.2418E-13
      5356   6.2344E-13
      5359   6.2015E-13
      5362   6.1611E-13
      5364   6.1350E-13
      5367   6.1356E-13
      5370   6.1579E-13
      5373   6.1719E-13
      5375   6.1880E-13
      5378   6.1673E-13
      5381   6.1631E-13
      5384   6.1655E-13
      5386   6.1459E-13
      5389   6.1227E-13
      5392   6.0967E-13
      5395   6.0709E-13
      5397   6.0741E-13
      5400   6.0332E-13
      5403   6.0439E-13
      5406   6.0788E-13
      5408   6.1033E-13
      5411   6.0971E-13
      5414   6.1170E-13
      5417   6.1284E-13
      5419   6.0990E-13
      5422   6.0825E-13
      5425   6.0437E-13
      5427   6.0586E-13
      5430   6.0577E-13
      5433   6.0885E-13
      5436   6.0966E-13
      5438   6.0896E-13
      5441   6.0395E-13
      5444   6.0487E-13
      5447   6.0760E-13
      5449   6.0446E-13
      5454   5.9921E-13
      5459   6.0254E-13
      5464   6.0390E-13
      5469   6.0282E-13
      5474   6.0239E-13
      5479   6.0396E-13
      5484   6.0394E-13
      5488   6.0465E-13
      5493   6.0250E-13
      5498   6.0104E-13
      5503   5.9796E-13
      5508   5.9830E-13
      5513   5.9836E-13
      5518   6.0046E-13
      5523   5.9879E-13
      5527   5.9759E-13
      5532   5.9819E-13
      5537   5.9834E-13
      5542   5.9737E-13
      5547   5.9910E-13
      5552   5.9775E-13
      5557   5.9568E-13
      5562   5.9440E-13
      5566   5.8911E-13
      5571   5.9114E-13
      5576   5.9100E-13
      5581   5.8753E-13
      5586   5.8396E-13
      5591   5.8291E-13
      5596   5.8163E-13
      5601   5.8353E-13
      5605   5.8527E-13
      5610   5.8424E-13
      5615   5.8395E-13
      5620   5.8578E-13
      5625   5.8938E-13
      5630   5.8876E-13
      5635   5.8365E-13
      5639   5.8660E-13
      5644   5.8386E-13
      5649   5.8389E-13
      5654   5.8139E-13
      5659   5.8169E-13
      5664   5.8109E-13
      5669   5.8101E-13
      5674   5.8197E-13
      5678   5.8186E-13
      5683   5.8129E-13
      5688   5.8014E-13
      5693   5.7878E-13
      5698   5.7864E-13
      5703   5.7756E-13
      5708   5.7455E-13
      5713   5.7409E-13
      5717   5.7762E-13
      5722   5.7483E-13
      5727   5.7363E-13
      5732   5.7312E-13
      5737   5.7274E-13
      5742   5.7404E-13
      5747   5.7437E-13
      5752   5.7171E-13
      5756   5.7068E-13
      5761   5.6928E-13
      5766   5.7040E-13
      5771   5.7036E-13
      5776   5.7096E-13
      5781   5.6845E-13
      5786   5.6763E-13
      5791   5.6765E-13
      5795   5.6741E-13
      5800   5.6657E-13
      5805   5.6532E-13
      5810   5.6534E-13
      5815   5.6630E-13
      5820   5.6455E-13
      5825   5.6175E-13
      5830   5.6067E-13
      5834   5.6024E-13
      5839   5.6184E-13
      5844   5.6077E-13
      5849   5.5911E-13
      5854   5.5879E-13
      5859   5.5732E-13
      5864   5.5459E-13
      5869   5.5757E-13
      5873   5.5715E-13
      5878   5.5450E-13
      5883   5.4809E-13
      5888   5.4094E-13
      5893   5.4130E-13
      5898   5.4658E-13
      5903   5.5083E-13
      5908   5.5215E-13
      5912   5.5323E-13
      5917   5.5206E-13
      5922   5.5222E-13
      5927   5.5001E-13
      5932   5.4935E-13
      5937   5.4873E-13
      5942   5.4915E-13
      5947   5.4663E-13
      5951   5.4835E-13
      5956   5.4849E-13
      5961   5.4780E-13
      5966   5.4770E-13
      5971   5.4508E-13
      5976   5.4580E-13
      5981   5.4464E-13
      5986   5.4273E-13
      5990   5.4347E-13
      5995   5.4131E-13
      6000   5.4131E-13
      6005   5.3816E-13
      6010   5.3859E-13
      6015   5.3878E-13
      6020   5.3809E-13
      6025   5.3689E-13
      6029   5.3761E-13
      6034   5.3805E-13
      6039   5.3600E-13
      6044   5.3687E-13
      6049   5.3437E-13
      6054   5.3420E-13
      6059   5.3270E-13
      6064   5.3213E-13
      6068   5.3100E-13
      6073   5.3040E-13
      6078   5.3170E-13
      6083   5.3149E-13
      6088   5.2807E-13
      6093   5.2540E-13
      6098   5.2619E-13
      6103   5.2625E-13
      6108   5.2735E-13
      6112   5.2374E-13
      6117   5.2125E-13
      6122   5.2116E-13
      6127   5.2352E-13
      6132   5.2052E-13
      6137   5.2361E-13
      6142   5.2217E-13
      6147   5.2277E-13
      6151   5.2052E-13
      6156   5.1683E-13
      6161   5.1674E-13
      6166   5.1763E-13
      6171   5.1824E-13
      6176   5.2033E-13
      6181   5.1890E-13
      6186   5.1606E-13
      6190   5.1627E-13
      6195   5.1699E-13
      6200   5.1808E-13
      6205   5.1839E-13
      6210   5.1515E-13
      6215   5.1315E-13
      6220   5.1142E-13
      6225   5.1087E-13
      6229   5.1225E-13
      6234   5.1360E-13
      6239   5.0996E-13
      6244   5.0662E-13
      6249   5.0744E-13
      6254   5.0757E-13
      6259   5.0978E-13
      6264   5.0708E-13
      6268   5.0675E-13
      6273   5.1152E-13
      6278   5.0825E-13
      6283   5.0755E-13
      6288   5.0744E-13
      6293   5.0868E-13
      6298   5.0806E-13
      6303   5.0466E-13
      6308   5.0098E-13
      6312   5.0165E-13
      6317   4.9914E-13
      6322   4.9669E-13
      6327   4.9482E-13
      6332   4.9522E-13
      6337   4.9253E-13
      6342   4.9673E-13
      6347   4.9999E-13
      6351   4.9877E-13
      6356   4.9773E-13
      6361   4.9557E-13
      6366   4.9365E-13
      6371   4.9378E-13
      6376   4.9455E-13
      6381   4.9396E-13
      6386   4.9425E-13
      6390   4.9312E-13
      6395   4.9124E-13
      6400   4.8941E-13
      6405   4.8925E-13
      6410   4.8857E-13
      6415   4.8954E-13
      6420   4.8905E-13
      6425   4.8902E-13
      6429   4.8682E-13
      6434   4.8596E-13
      6439   4.8596E-13
      6444   4.8418E-13
      6449   4.8177E-13
      6454   4.8377E-13
      6459   4.8227E-13
      6464   4.8195E-13
      6469   4.8363E-13
      6473   4.8286E-13
      6478   4.8048E-13
      6483   4.7923E-13
      6488   4.7863E-13
      6493   4.7601E-13
      6498   4.7844E-13
      6503   4.7911E-13
      6508   4.7780E-13
      6512   4.7672E-13
      6517   4.7566E-13
      6522   4.7324E-13
      6527   4.7160E-13
      6532   4.7104E-13
      6537   4.6779E-13
      6542   4.5994E-13
      6547   4.4628E-13
      6551   4.2554E-13
      6556   3.9436E-13
      6561   3.8873E-13
      6566   4.1808E-13
      6571   4.4347E-13
      6576   4.5633E-13
      6581   4.6032E-13
      6586   4.6361E-13
      6591   4.6666E-13
      6595   4.6584E-13
      6600   4.6731E-13
      6605   4.6798E-13
      6610   4.6863E-13
      6615   4.6636E-13
      6620   4.6715E-13
      6625   4.6652E-13
      6630   4.6636E-13
      6634   4.6486E-13
      6639   4.6364E-13
      6644   4.6461E-13
      6649   4.6386E-13
      6654   4.6340E-13
      6659   4.6356E-13
      6664   4.6383E-13
      6669   4.6230E-13
      6674   4.6152E-13
      6678   4.6052E-13
      6683   4.6210E-13
      6688   4.6129E-13
      6693   4.6093E-13
      6698   4.6080E-13
      6703   4.5850E-13
      6708   4.5742E-13
      6713   4.5723E-13
      6717   4.5891E-13
      6722   4.5691E-13
      6727   4.5589E-13
      6732   4.5682E-13
      6737   4.5673E-13
      6742   4.5653E-13
      6747   4.5582E-13
      6752   4.5376E-13
      6757   4.5355E-13
      6761   4.5402E-13
      6766   4.5323E-13
      6771   4.5097E-13
      6776   4.5244E-13
      6781   4.5013E-13
      6786   4.4914E-13
      6791   4.4879E-13
      6796   4.4851E-13
      6800   4.4926E-13
      6805   4.4795E-13
      6810   4.4638E-13
      6815   4.4744E-13
      6820   4.4638E-13
      6825   4.4605E-13
      6830   4.4724E-13
      6835   4.4555E-13
      6839   4.4376E-13
      6844   4.4400E-13
      6849   4.4195E-13
      6854   4.4113E-13
      6859   4.4101E-13
      6864   4.4030E-13
      6869   4.4192E-13
      6874   4.4177E-13
      6879   4.4135E-13
      6883   4.3981E-13
      6888   4.3936E-13
      6893   4.3951E-13
      6898   4.3851E-13
      6903   4.3783E-13
      6908   4.3800E-13
      6913   4.3665E-13
      6918   4.3696E-13
      6922   4.3614E-13
      6927   4.3586E-13
      6932   4.3665E-13
      6937   4.3368E-13
      6942   4.3392E-13
      6947   4.3326E-13
      6952   4.3167E-13
      6957   4.3284E-13
      6962   4.3236E-13
      6966   4.3356E-13
      6971   4.3041E-13
      6976   4.2933E-13
      6981   4.3051E-13
      6986   4.2943E-13
      6991   4.2850E-13
      6996   4.2733E-13
      7001   4.2661E-13
      7005   4.2537E-13
      7010   4.2628E-13
      7015   4.2671E-13
      7020   4.2670E-13
      7025   4.2582E-13
      7030   4.2572E-13
      7035   4.2472E-13
      7040   4.2389E-13
      7045   4.2513E-13
      7049   4.2366E-13
      7054   4.2271E-13
      7059   4.2182E-13
      7064   4.2141E-13
      7069   4.2125E-13
      7074   4.2009E-13
      7079   4.1910E-13
      7084   4.1881E-13
      7089   4.1766E-13
      7093   4.1805E-13
      7098   4.1725E-13
      7103   4.1740E-13
      7108   4.1729E-13
      7113   4.1725E-13
      7118   4.1621E-13
      7123   4.1534E-13
      7128   4.1528E-13
      7132   4.1437E-13
      7137   4.1291E-13
      7142   4.1169E-13
      7147   4.1147E-13
      7152   4.1311E-13
      7157   4.1102E-13
      7162   4.1160E-13
      7167   4.1111E-13
      7172   4.1056E-13
      7176   4.0980E-13
      7181   4.0838E-13
      7186   4.0853E-13
      7191   4.0823E-13
      7196   4.0671E-13
      7201   4.0689E-13
      7206   4.0763E-13
      7211   4.0843E-13
      7215   4.0806E-13
      7220   4.0700E-13
      7225   4.0702E-13
      7230   4.0750E-13
      7235   4.0660E-13
      7240   4.0505E-13
      7245   4.0325E-13
      7250   4.0257E-13
      7255   4.0302E-13
      7259   4.0318E-13
      7264   4.0323E-13
      7269   4.0357E-13
      7274   4.0198E-13
      7279   4.0046E-13
      7284   4.0134E-13
      7289   3.9880E-13
      7294   4.0015E-13
      7299   3.9757E-13
      7303   3.9720E-13
      7308   3.9734E-13
      7313   3.9598E-13
      7318   3.9621E-13
      7323   3.9607E-13
      7328   3.9517E-13
      7333   3.9628E-13
      7338   3.9480E-13
      7342   3.9535E-13
      7347   3.9478E-13
      7352   3.9292E-13
      7357   3.9204E-13
      7362   3.9334E-13
      7367   3.9321E-13
      7372   3.9276E-13
      7377   3.9211E-13
      7382   3.9180E-13
      7386   3.8969E-13
      7391   3.8812E-13
      7396   3.8853E-13
      7401   3.8849E-13
      7406   3.8666E-13
      7411   3.8674E-13
      7416   3.8612E-13
      7421   3.8634E-13
      7425   3.8664E-13
      7430   3.8427E-13
      7435   3.8439E-13
      7440   3.8481E-13
      7445   3.8461E-13
      7450   3.8501E-13
      7455   3.8469E-13
      7460   3.8330E-13
      7465   3.8415E-13
      7469   3.8225E-13
      7474   3.8258E-13
      7479   3.8216E-13
      7484   3.8128E-13
      7489   3.7963E-13
      7494   3.7913E-13
      7499   3.7814E-13
      7504   3.7764E-13
      7509   3.7827E-13
      7513   3.7866E-13
      7518   3.7818E-13
      7523   3.7762E-13
      7528   3.7661E-13
      7533   3.7650E-13
      7538   3.7687E-13
      7543   3.7650E-13
      7548   3.7457E-13
      7552   3.7350E-13
      7557   3.7434E-13
      7562   3.7501E-13
      7567   3.7513E-13
      7572   3.7217E-13
      7577   3.7238E-13
      7582   3.7355E-13
      7587   3.7276E-13
      7592   3.7195E-13
      7596   3.7071E-13
      7601   3.7116E-13
      7606   3.6920E-13
      7611   3.6884E-13
      7616   3.6910E-13
      7621   3.6880E-13
      7626   3.6769E-13
      7631   3.6829E-13
      7636   3.6778E-13
      7640   3.6739E-13
      7645   3.6646E-13
      7650   3.6548E-13
      7655   3.6316E-13
      7660   3.6265E-13
      7665   3.6389E-13
      7670   3.6507E-13
      7675   3.6547E-13
      7679   3.6361E-13
      7684   3.6178E-13
      7689   3.6200E-13
      7694   3.6083E-13
      7699   3.6187E-13
      7704   3.6113E-13
      7709   3.6037E-13
      7714   3.5982E-13
      7719   3.6069E-13
      7723   3.6055E-13
      7728   3.6046E-13
      7733   3.6032E-13
      7738   3.5825E-13
      7743   3.5862E-13
      7748   3.5604E-13
      7753   3.5568E-13
      7758   3.5777E-13
      7763   3.5951E-13
      7767   3.5568E-13
      7772   3.5481E-13
      7777   3.5551E-13
      7782   3.5426E-13
      7787   3.5441E-13
      7792   3.5428E-13
      7797   3.5455E-13
      7802   3.5505E-13
      7806   3.5456E-13
      7811   3.5295E-13
      7816   3.5316E-13
      7821   3.5351E-13
      7826   3.5255E-13
      7831   3.5162E-13
      7836   3.4998E-13
      7841   3.5071E-13
      7846   3.4828E-13
      7850   3.4713E-13
      7855   3.5023E-13
      7860   3.4976E-13
      7865   3.4975E-13
      7870   3.5098E-13
      7875   3.4734E-13
      7880   3.4697E-13
      7885   3.4653E-13
      7890   3.4672E-13
      7894   3.4755E-13
      7899   3.4813E-13
      7904   3.4780E-13
      7909   3.4617E-13
      7914   3.4494E-13
      7919   3.4501E-13
      7924   3.4580E-13
      7929   3.4506E-13
      7933   3.4471E-13
      7938   3.4449E-13
      7943   3.4393E-13
      7948   3.4470E-13
      7953   3.4503E-13
      7958   3.4152E-13
      7963   3.3991E-13
      7968   3.3982E-13
      7973   3.3923E-13
      7977   3.4073E-13
      7982   3.4195E-13
      7987   3.4088E-13
      7992   3.3894E-13
      7997   3.3829E-13
      8002   3.3642E-13
      8007   3.3595E-13
      8012   3.3690E-13
      8017   3.3639E-13
      8021   3.3701E-13
      8026   3.3611E-13
      8031   3.3574E-13
      8036   3.3427E-13
      8041   3.3317E-13
      8046   3.3262E-13
      8051   3.3165E-13
      8056   3.3260E-13
      8060   3.3226E-13
      8065   3.3273E-13
      8070   3.3134E-13
      8075   3.3108E-13
      8080   3.2960E-13
      8085   3.2959E-13
      8090   3.2952E-13
      8095   3.2948E-13
      8100   3.2916E-13
      8104   3.2859E-13
      8109   3.2818E-13
      8114   3.2813E-13
      8119   3.2803E-13
      8124   3.2852E-13
      8129   3.2896E-13
      8134   3.2846E-13
      8139   3.2618E-13
      8144   3.2526E-13
      8148   3.2566E-13
      8153   3.2560E-13
      8158   3.2560E-13
      8163   3.2512E-13
      8168   3.2495E-13
      8173   3.2420E-13
      8178   3.2203E-13
      8183   3.2093E-13
      8187   3.2048E-13
      8192   3.1987E-13
      8197   3.1934E-13
      8202   3.1918E-13
      8207   3.2008E-13
      8212   3.1992E-13
      8217   3.1951E-13
      8222   3.2021E-13
      8227   3.1991E-13
      8231   3.1878E-13
      8236   3.1798E-13
      8241   3.1734E-13
      8246   3.1683E-13
      8251   3.1756E-13
      8256   3.1855E-13
      8261   3.1697E-13
      8266   3.1669E-13
      8271   3.1646E-13
      8275   3.1645E-13
      8280   3.1665E-13
      8285   3.1576E-13
      8290   3.1449E-13
      8295   3.1271E-13
      8300   3.1359E-13
      8305   3.1391E-13
      8310   3.1348E-13
      8314   3.1308E-13
      8319   3.1269E-13
      8324   3.1194E-13
      8329   3.1149E-13
      8334   3.1073E-13
      8339   3.1118E-13
      8344   3.1015E-13
      8349   3.0979E-13
      8354   3.1049E-13
      8358   3.0999E-13
      8363   3.0950E-13
      8368   3.0925E-13
      8373   3.0958E-13
      8378   3.1057E-13
      8383   3.0983E-13
      8388   3.0778E-13
      8393   3.0729E-13
      8397   3.0844E-13
      8402   3.0783E-13
      8407   3.0539E-13
      8412   3.0675E-13
      8417   3.0596E-13
      8422   3.0561E-13
      8427   3.0555E-13
      8432   3.0563E-13
      8437   3.0409E-13
      8441   3.0098E-13
      8446   3.0182E-13
      8451   3.0342E-13
      8456   3.0368E-13
      8461   3.0212E-13
      8466   3.0129E-13
      8471   3.0360E-13
      8476   3.0183E-13
      8481   3.0152E-13
      8485   2.9915E-13
      8490   2.9566E-13
      8495   2.9251E-13
      8500   2.9516E-13
      8505   2.9795E-13
      8510   2.9788E-13
      8515   2.9974E-13
      8520   2.9690E-13
      8524   2.9384E-13
      8529   2.8980E-13
      8534   2.7997E-13
      8539   2.7609E-13
      8544   2.8379E-13
      8549   2.9103E-13
      8554   2.9485E-13
      8559   2.9534E-13
      8564   2.9498E-13
      8568   2.9556E-13
      8573   2.9585E-13
      8578   2.9534E-13
      8583   2.9489E-13
      8588   2.9272E-13
      8593   2.9213E-13
      8598   2.9205E-13
      8603   2.9293E-13
      8607   2.9230E-13
      8612   2.9352E-13
      8617   2.9219E-13
      8622   2.9176E-13
      8627   2.9126E-13
      8632   2.9144E-13
      8637   2.8961E-13
      8642   2.8657E-13
      8647   2.8480E-13
      8651   2.8115E-13
      8656   2.7132E-13
      8661   2.7322E-13
      8666   2.8220E-13
      8671   2.8384E-13
      8676   2.8565E-13
      8681   2.8531E-13
      8686   2.8777E-13
      8690   2.8772E-13
      8695   2.8878E-13
      8700   2.8930E-13
      8705   2.8954E-13
      8710   2.8696E-13
      8715   2.8658E-13
      8720   2.8589E-13
      8725   2.8498E-13
      8730   2.8225E-13
      8734   2.8246E-13
      8739   2.8151E-13
      8744   2.7843E-13
      8749   2.7932E-13
      8754   2.8051E-13
      8759   2.8285E-13
      8764   2.8464E-13
      8769   2.8379E-13
      8774   2.8390E-13
      8778   2.8317E-13
      8783   2.8244E-13
      8788   2.8251E-13
      8793   2.8220E-13
      8798   2.8126E-13
      8803   2.8114E-13
      8808   2.8208E-13
      8813   2.8062E-13
      8817   2.7940E-13
      8822   2.7977E-13
      8827   2.7908E-13
      8832   2.7975E-13
      8837   2.7849E-13
      8842   2.7782E-13
      8847   2.7632E-13
      8852   2.7382E-13
      8857   2.7077E-13
      8861   2.7021E-13
      8866   2.7267E-13
      8871   2.7430E-13
      8876   2.7641E-13
      8881   2.7858E-13
      8886   2.7750E-13
      8891   2.7656E-13
      8896   2.7502E-13
      8900   2.7387E-13
      8905   2.7369E-13
      8910   2.7453E-13
      8915   2.7531E-13
      8920   2.7672E-13
      8925   2.7560E-13
      8930   2.7432E-13
      8935   2.7313E-13
      8939   2.7271E-13
      8944   2.7141E-13
      8949   2.7290E-13
      8954   2.7370E-13
      8959   2.7377E-13
      8964   2.7440E-13
      8969   2.7273E-13
      8974   2.7054E-13
      8979   2.7068E-13
      8983   2.6965E-13
      8988   2.6918E-13
      8993   2.6830E-13
      8998   2.6401E-13
      9003   2.6216E-13
      9008   2.5788E-13
      9013   2.5849E-13
      9018   2.6253E-13
      9022   2.6719E-13
      9027   2.6700E-13
      9032   2.6734E-13
      9037   2.6779E-13
      9042   2.6591E-13
      9047   2.6667E-13
      9052   2.6617E-13
      9057   2.6449E-13
      9062   2.6724E-13
      9066   2.6882E-13
      9071   2.6716E-13
      9076   2.6871E-13
      9081   2.6758E-13
      9086   2.6432E-13
      9091   2.6286E-13
      9096   2.6426E-13
      9101   2.6404E-13
      9105   2.6364E-13
      9110   2.6429E-13
      9115   2.6371E-13
      9120   2.6324E-13
      9125   2.6329E-13
      9130   2.6243E-13
      9135   2.6368E-13
      9140   2.6451E-13
      9145   2.6558E-13
      9149   2.6692E-13
      9154   2.6708E-13
      9159   2.6516E-13
      9164   2.6338E-13
      9169   2.6197E-13
      9174   2.5903E-13
      9179   2.5873E-13
      9184   2.5930E-13
      9188   2.5994E-13
      9193   2.5907E-13
      9198   2.5953E-13
      9203   2.5611E-13
      9208   2.5154E-13
      9213   2.4979E-13
      9218   2.4563E-13
      9223   2.4246E-13
      9227   2.4486E-13
      9232   2.4828E-13
      9237   2.5056E-13
      9242   2.5112E-13
      9247   2.5055E-13
      9252   2.5097E-13
      9257   2.5288E-13
      9262   2.5340E-13
      9267   2.5266E-13
      9271   2.5229E-13
      9276   2.5286E-13
      9281   2.5133E-13
      9286   2.5171E-13
      9291   2.5491E-13
      9296   2.5438E-13
      9301   2.5312E-13
      9306   2.5217E-13
      9310   2.5081E-13
      9315   2.4891E-13
      9320   2.4783E-13
      9325   2.4904E-13
      9330   2.4861E-13
      9335   2.4939E-13
      9340   2.4893E-13
      9345   2.4648E-13
      9349   2.4690E-13
      9354   2.4743E-13
      9359   2.4923E-13
      9364   2.4830E-13
      9369   2.4914E-13
      9374   2.4874E-13
      9379   2.4858E-13
      9384   2.4825E-13
      9389   2.4871E-13
      9393   2.4910E-13
      9398   2.4707E-13
      9403   2.4686E-13
      9408   2.4578E-13
      9413   2.4598E-13
      9418   2.4364E-13
      9423   2.4347E-13
      9428   2.4362E-13
      9432   2.4425E-13
      9437   2.4396E-13
      9442   2.4597E-13
      9447   2.4553E-13
      9452   2.4472E-13
      9457   2.4459E-13
      9462   2.4336E-13
      9467   2.4356E-13
      9471   2.4221E-13
      9476   2.4254E-13
      9481   2.4343E-13
      9486   2.4092E-13
      9491   2.4121E-13
      9496   2.4040E-13
      9501   2.4052E-13
      9506   2.4050E-13
      9510   2.3860E-13
      9515   2.3771E-13
      9520   2.3707E-13
      9525   2.3371E-13
      9530   2.3360E-13
      9535   2.3072E-13
      9540   2.2534E-13
      9545   2.2671E-13
      9549   2.3150E-13
      9554   2.3261E-13
      9559   2.3421E-13
      9564   2.3746E-13
      9569   2.3711E-13
      9574   2.3611E-13
      9579   2.3649E-13
      9584   2.3510E-13
      9589   2.3568E-13
      9593   2.3638E-13
      9598   2.3581E-13
      9603   2.3499E-13
      9608   2.3560E-13
      9613   2.3607E-13
      9618   2.3557E-13
      9623   2.3400E-13
      9628   2.3275E-13
      9632   2.3203E-13
      9637   2.3328E-13
      9642   2.3304E-13
      9647   2.3158E-13
      9652   2.3332E-13
      9657   2.3314E-13
      9662   2.3384E-13
      9667   2.3433E-13
      9671   2.3348E-13
      9676   2.3177E-13
      9681   2.2963E-13
      9686   2.3051E-13
      9691   2.3179E-13
      9696   2.3303E-13
      9701   2.3316E-13
      9706   2.3215E-13
      9710   2.2939E-13
      9715   2.2907E-13
      9720   2.2767E-13
      9725   2.2775E-13
      9730   2.2733E-13
      9735   2.2837E-13
      9740   2.2682E-13
      9745   2.2635E-13
      9749   2.2618E-13
      9754   2.2750E-13
      9759   2.2785E-13
      9764   2.2760E-13
      9769   2.2732E-13
      9774   2.2737E-13
      9779   2.2781E-13
      9784   2.2802E-13
      9788   2.2968E-13
      9793   2.2628E-13
      9798   2.2596E-13
      9803   2.2848E-13
      9808   2.2675E-13
      9813   2.2511E-13
      9818   2.2393E-13
      9823   2.2380E-13
      9827   2.2439E-13
      9832   2.2432E-13
      9837   2.2494E-13
      9842   2.2485E-13
      9847   2.2462E-13
      9852   2.2557E-13
      9857   2.2366E-13
      9862   2.2279E-13
      9866   2.2265E-13
      9871   2.1963E-13
      9876   2.2320E-13
      9881   2.2588E-13
      9886   2.2580E-13
      9891   2.2432E-13
      9896   2.2336E-13
      9901   2.2175E-13
      9905   2.1916E-13
      9910   2.1991E-13
      9915   2.1941E-13
      9920   2.1995E-13
      9925   2.2192E-13
      9930   2.1973E-13
      9935   2.1952E-13
      9940   2.1922E-13
      9944   2.1868E-13
      9949   2.1828E-13
      9954   2.1699E-13
      9959   2.1760E-13
      9964   2.1868E-13
      9969   2.1716E-13
      9974   2.1598E-13
      9979   2.1761E-13
      9983   2.1707E-13
      9988   2.1689E-13
      9993   2.1597E-13
      9998   2.1708E-13
     1E+04   2.1749E-13
 1.001E+04   2.1697E-13
 1.001E+04   2.1625E-13
 1.002E+04   2.1592E-13
 1.002E+04   2.1429E-13
 1.003E+04   2.1090E-13
 1.003E+04   2.0879E-13
 1.004E+04   2.0787E-13
 1.004E+04   2.0329E-13
 1.005E+04   2.0291E-13
 1.005E+04   2.0449E-13
 1.006E+04   2.0749E-13
 1.006E+04   2.0898E-13
 1.007E+04   2.1052E-13
 1.007E+04   2.0988E-13
 1.008E+04   2.1124E-13
 1.008E+04   2.0919E-13
 1.009E+04   2.0824E-13
 1.009E+04   2.0890E-13
  1.01E+04   2.1088E-13
  1.01E+04   2.0979E-13
 1.011E+04   2.0993E-13
 1.011E+04   2.0997E-13
 1.012E+04   2.1052E-13
 1.012E+04   2.0978E-13
 1.012E+04   2.1137E-13
 1.013E+04   2.1304E-13
 1.013E+04   2.1207E-13
 1.014E+04   2.1248E-13
 1.014E+04   2.0936E-13
 1.015E+04   2.1021E-13
 1.015E+04   2.1069E-13
 1.016E+04   2.0786E-13
 1.017E+04   2.0944E-13
  1.02E+04   2.0842E-13
 1.023E+04   2.0725E-13
 1.025E+04   2.0596E-13
 1.028E+04   2.0467E-13
 1.031E+04   2.0343E-13
 1.034E+04   2.0187E-13
 1.037E+04   2.0103E-13
 1.039E+04   2.0065E-13
 1.042E+04   1.9939E-13
 1.045E+04   1.9795E-13
 1.048E+04   1.9659E-13
 1.051E+04   1.9555E-13
 1.054E+04   1.9434E-13
 1.056E+04   1.9396E-13
 1.059E+04   1.9284E-13
 1.062E+04   1.9144E-13
 1.065E+04   1.9089E-13
 1.068E+04   1.8847E-13
  1.07E+04   1.8697E-13
 1.073E+04   1.8598E-13
 1.076E+04   1.8425E-13
 1.079E+04   1.8396E-13
 1.082E+04   1.8306E-13
 1.084E+04   1.8081E-13
 1.087E+04   1.7839E-13
  1.09E+04   1.7558E-13
 1.093E+04   1.7468E-13
 1.096E+04   1.7444E-13
 1.099E+04   1.7380E-13
 1.101E+04   1.7490E-13
 1.104E+04   1.7411E-13
 1.107E+04   1.7320E-13
  1.11E+04   1.7226E-13
 1.113E+04   1.7091E-13
 1.115E+04   1.7061E-13
 1.118E+04   1.6930E-13
 1.121E+04   1.6834E-13
 1.124E+04   1.6819E-13
 1.127E+04   1.6713E-13
 1.129E+04   1.6586E-13
 1.132E+04   1.6460E-13
 1.135E+04   1.6315E-13
 1.138E+04   1.6130E-13
 1.141E+04   1.6003E-13
 1.144E+04   1.5973E-13
 1.146E+04   1.5890E-13
 1.149E+04   1.5778E-13
 1.152E+04   1.5766E-13
 1.155E+04   1.5727E-13
 1.158E+04   1.5574E-13
  1.16E+04   1.5486E-13
 1.163E+04   1.5328E-13
 1.166E+04   1.5182E-13
 1.169E+04   1.5063E-13
 1.172E+04   1.5230E-13
 1.176E+04   1.5087E-13
  1.18E+04   1.4948E-13
 1.184E+04   1.4778E-13
 1.188E+04   1.4640E-13
 1.192E+04   1.4513E-13
 1.196E+04   1.4379E-13
   1.2E+04   1.4247E-13
 1.204E+04   1.4134E-13
 1.208E+04   1.4019E-13
 1.212E+04   1.3925E-13
 1.216E+04   1.3867E-13
  1.22E+04   1.3779E-13
 1.224E+04   1.3660E-13
 1.228E+04   1.3530E-13
 1.232E+04   1.3430E-13
 1.236E+04   1.3347E-13
  1.24E+04   1.3244E-13
 1.244E+04   1.3117E-13
 1.248E+04   1.2973E-13
 1.252E+04   1.2859E-13
 1.256E+04   1.2736E-13
  1.26E+04   1.2599E-13
 1.264E+04   1.2454E-13
 1.268E+04   1.2291E-13
 1.272E+04   1.2155E-13
 1.276E+04   1.1999E-13
  1.28E+04   1.1873E-13
 1.284E+04   1.1821E-13
 1.288E+04   1.1788E-13
 1.292E+04   1.1754E-13
 1.296E+04   1.1698E-13
   1.3E+04   1.1678E-13
 1.304E+04   1.1651E-13
 1.308E+04   1.1609E-13
 1.312E+04   1.1552E-13
 1.316E+04   1.1449E-13
  1.32E+04   1.1369E-13
 1.324E+04   1.1296E-13
 1.328E+04   1.1216E-13
 1.332E+04   1.1112E-13
 1.336E+04   1.1002E-13
  1.34E+04   1.0931E-13
 1.344E+04   1.0857E-13
 1.348E+04   1.0764E-13
 1.352E+04   1.0671E-13
 1.356E+04   1.0603E-13
  1.36E+04   1.0539E-13
 1.364E+04   1.0484E-13
 1.368E+04   1.0431E-13
 1.372E+04   1.0376E-13
 1.376E+04   1.0328E-13
  1.38E+04   1.0258E-13
 1.384E+04   1.0179E-13
 1.388E+04   1.0101E-13
 1.392E+04   1.0015E-13
 1.396E+04   9.9307E-14
   1.4E+04   9.8495E-14
 1.404E+04   9.7635E-14
 1.408E+04   9.7001E-14
 1.412E+04   9.6472E-14
 1.416E+04   9.5777E-14
  1.42E+04   9.5046E-14
 1.424E+04   9.4598E-14
 1.428E+04   9.4055E-14
 1.432E+04   9.3351E-14
 1.436E+04   9.2783E-14
  1.44E+04   9.2230E-14
 1.444E+04   9.1638E-14
 1.448E+04   9.0985E-14
 1.452E+04   9.0576E-14
 1.456E+04   9.0139E-14
  1.46E+04   8.9477E-14
 1.464E+04   8.8860E-14
 1.468E+04   8.8409E-14
 1.472E+04   8.7921E-14
 1.476E+04   8.7120E-14
  1.48E+04   8.6340E-14
 1.484E+04   8.5824E-14
 1.488E+04   8.5468E-14
 1.492E+04   8.4975E-14
 1.496E+04   8.4272E-14
   1.5E+04   8.3666E-14
 1.504E+04   8.3166E-14
 1.508E+04   8.2806E-14
 1.512E+04   8.2322E-14
 1.516E+04   8.1766E-14
  1.52E+04   8.1197E-14
 1.524E+04   8.0708E-14
 1.528E+04   8.0260E-14
 1.532E+04   7.9745E-14
 1.536E+04   7.9434E-14
  1.54E+04   7.9055E-14
 1.544E+04   7.8632E-14
 1.548E+04   7.8004E-14
 1.552E+04   7.7351E-14
 1.556E+04   7.6877E-14
  1.56E+04   7.6353E-14
 1.564E+04   7.5640E-14
 1.568E+04   7.4827E-14
 1.572E+04   7.4198E-14
 1.576E+04   7.3684E-14
  1.58E+04   7.3337E-14
 1.584E+04   7.2907E-14
 1.588E+04   7.2549E-14
 1.592E+04   7.2142E-14
 1.596E+04   7.1631E-14
   1.6E+04   7.1089E-14
 1.604E+04   7.0526E-14
 1.608E+04   6.9958E-14
 1.612E+04   6.9513E-14
 1.616E+04   6.9253E-14
  1.62E+04   6.8773E-14
 1.624E+04   6.8310E-14
 1.628E+04   6.7725E-14
 1.632E+04   6.6983E-14
 1.636E+04   6.6258E-14
  1.64E+04   6.5645E-14
 1.644E+04   6.5240E-14
 1.648E+04   6.4986E-14
 1.652E+04   6.4712E-14
 1.656E+04   6.4348E-14
  1.66E+04   6.3844E-14
 1.664E+04   6.3145E-14
 1.668E+04   6.2419E-14
 1.672E+04   6.1705E-14
 1.676E+04   6.0965E-14
  1.68E+04   6.0254E-14
 1.684E+04   5.9875E-14
 1.688E+04   5.9703E-14
 1.692E+04   5.9565E-14
 1.696E+04   5.9335E-14
   1.7E+04   5.9014E-14
 1.704E+04   5.8595E-14
 1.708E+04   5.8023E-14
 1.712E+04   5.7453E-14
 1.716E+04   5.6909E-14
  1.72E+04   5.6377E-14
 1.724E+04   5.5660E-14
 1.728E+04   5.4810E-14
 1.732E+04   5.3981E-14
 1.736E+04   5.3349E-14
  1.74E+04   5.3109E-14
 1.744E+04   5.3147E-14
 1.748E+04   5.3076E-14
 1.752E+04   5.2822E-14
 1.756E+04   5.2519E-14
  1.76E+04   5.2151E-14
 1.764E+04   5.1698E-14
 1.768E+04   5.1201E-14
 1.772E+04   5.0833E-14
 1.776E+04   5.0450E-14
  1.78E+04   5.0040E-14
 1.784E+04   4.9606E-14
 1.788E+04   4.9244E-14
 1.792E+04   4.8892E-14
 1.796E+04   4.8437E-14
   1.8E+04   4.7972E-14
 1.804E+04   4.7412E-14
 1.808E+04   4.6849E-14
 1.812E+04   4.6143E-14
 1.816E+04   4.5532E-14
  1.82E+04   4.5144E-14
 1.824E+04   4.5040E-14
 1.828E+04   4.4946E-14
 1.832E+04   4.4773E-14
 1.836E+04   4.4524E-14
  1.84E+04   4.4122E-14
 1.844E+04   4.3800E-14
 1.848E+04   4.3400E-14
 1.852E+04   4.3100E-14
 1.856E+04   4.2596E-14
  1.86E+04   4.2139E-14
 1.864E+04   4.1425E-14
 1.868E+04   4.0734E-14
 1.872E+04   3.9870E-14
 1.876E+04   3.9645E-14
  1.88E+04   3.9997E-14
 1.884E+04   3.9933E-14
 1.888E+04   4.0029E-14
 1.893E+04   3.9644E-14
 1.899E+04   3.9289E-14
 1.905E+04   3.8835E-14
 1.911E+04   3.8380E-14
 1.916E+04   3.7989E-14
 1.922E+04   3.7585E-14
 1.928E+04   3.7194E-14
 1.934E+04   3.6567E-14
 1.939E+04   3.5915E-14
 1.945E+04   3.5547E-14
 1.951E+04   3.5449E-14
 1.957E+04   3.5377E-14
 1.962E+04   3.5153E-14
 1.968E+04   3.4827E-14
 1.974E+04   3.4402E-14
 1.979E+04   3.3999E-14
 1.985E+04   3.3657E-14
 1.991E+04   3.3336E-14
 1.997E+04   3.3035E-14
 2.002E+04   3.2697E-14
 2.008E+04   3.2364E-14
 2.014E+04   3.2064E-14
  2.02E+04   3.1763E-14
 2.025E+04   3.1452E-14
 2.031E+04   3.1160E-14
 2.037E+04   3.0858E-14
 2.043E+04   3.0569E-14
 2.048E+04   3.0284E-14
 2.054E+04   2.9948E-14
  2.06E+04   2.9636E-14
 2.066E+04   2.9337E-14
 2.071E+04   2.9034E-14
 2.077E+04   2.8740E-14
 2.083E+04   2.8415E-14
 2.089E+04   2.8121E-14
 2.094E+04   2.7854E-14
   2.1E+04   2.7592E-14
 2.106E+04   2.7337E-14
 2.111E+04   2.7034E-14
 2.117E+04   2.6747E-14
 2.123E+04   2.6501E-14
 2.129E+04   2.6315E-14
 2.134E+04   2.6057E-14
  2.14E+04   2.5730E-14
 2.146E+04   2.5439E-14
 2.152E+04   2.5105E-14
 2.157E+04   2.4739E-14
 2.163E+04   2.4440E-14
 2.169E+04   2.4257E-14
 2.175E+04   2.4190E-14
  2.18E+04   2.4142E-14
 2.186E+04   2.4015E-14
 2.192E+04   2.3832E-14
 2.198E+04   2.3619E-14
 2.203E+04   2.3368E-14
 2.209E+04   2.3123E-14
 2.215E+04   2.2937E-14
 2.221E+04   2.2746E-14
 2.226E+04   2.2587E-14
 2.232E+04   2.2411E-14
 2.238E+04   2.2176E-14
 2.243E+04   2.1980E-14
 2.249E+04   2.1794E-14
 2.255E+04   2.1612E-14
 2.261E+04   2.1430E-14
 2.266E+04   2.1175E-14
 2.272E+04   2.0935E-14
 2.278E+04   2.0777E-14
 2.284E+04   2.0599E-14
 2.289E+04   2.0385E-14
 2.295E+04   2.0160E-14
 2.301E+04   1.9971E-14
 2.307E+04   1.9802E-14
 2.312E+04   1.9640E-14
 2.318E+04   1.9442E-14
 2.324E+04   1.9265E-14
  2.33E+04   1.9109E-14
 2.335E+04   1.8967E-14
 2.341E+04   1.8835E-14
 2.347E+04   1.8646E-14
 2.352E+04   1.8447E-14
 2.358E+04   1.8240E-14
 2.364E+04   1.8059E-14
  2.37E+04   1.7897E-14
 2.375E+04   1.7727E-14
 2.381E+04   1.7600E-14
 2.387E+04   1.7454E-14
 2.393E+04   1.7283E-14
 2.398E+04   1.7119E-14
 2.404E+04   1.6943E-14
  2.41E+04   1.6747E-14
 2.416E+04   1.6539E-14
 2.421E+04   1.6346E-14
 2.427E+04   1.6202E-14
 2.433E+04   1.6072E-14
 2.439E+04   1.5902E-14
 2.444E+04   1.5719E-14
  2.45E+04   1.5587E-14
 2.456E+04   1.5445E-14
 2.462E+04   1.5382E-14
 2.467E+04   1.5407E-14
 2.473E+04   1.5391E-14
 2.479E+04   1.5338E-14
